DM,1694S,127,127
DT,04371,0714,0630,0726,0554
DT,04371,0714,0630,0726,0554
DT,04371,0714,0630,0724,0554
DT,04371,0714,0628,0724,0554
DT,04371,0714,0630,0726,0552
DT,04371,0714,0630,0724,0552
DT,04371,0714,0626,0728,0554
DT,04371,0714,0624,0724,0554
DT,04371,0714,0624,0726,0554
DT,04371,0714,0626,0724,0552
DT,04371,0714,0626,0728,0554
DT,04371,0714,0630,0724,0552
DT,04370,0714,0626,0728,0554
DT,04370,0714,0630,0724,0550
DT,04369,0714,0626,0726,0556
DT,04368,0714,0626,0726,0552
DT,04368,0714,0630,0726,0556
DT,04366,0714,0626,0726,0556
DT,04365,0706,0634,0718,0558
DT,04364,0712,0600,0718,0560
DT,04364,0698,0598,0710,0564
DT,04363,0696,0592,0710,0574
DT,04363,0696,0592,0706,0576
DT,04361,0698,0592,0706,0590
DT,04361,0700,0588,0724,0592
DT,04360,0700,0588,0754,0596
DT,04360,0698,0588,0746,0590
DT,04359,0700,0586,0750,0598
DT,04358,0704,0588,0738,0598
DT,04357,0708,0586,0712,0588
DT,04356,0716,0586,0712,0588
DT,04355,0714,0596,0714,0596
DT,04354,0710,0588,0710,0584
DT,04354,0706,0582,0708,0576
DT,04353,0708,0582,0704,0576
DT,04353,0704,0584,0708,0574
DT,04352,0704,0588,0706,0572
DT,04351,0706,0604,0710,0574
DT,04351,0706,0598,0752,0572
DT,04350,0706,0592,0732,0574
DT,04349,0706,0588,0734,0580
DT,04349,0706,0584,0736,0586
DT,04347,0710,0586,0710,0586
DT,04347,0710,0590,0710,0582
DT,04346,0710,0594,0712,0580
DT,04346,0714,0604,0726,0582
DT,04345,0716,0598,0746,0590
DT,04344,0714,0594,0708,0594
DT,04344,0712,0598,0706,0608
DT,04343,0712,0608,0702,0592
DT,04342,0708,0608,0702,0578
DT,04340,0710,0602,0706,0576
DT,04340,0710,0674,0720,0572
DT,04339,0714,0608,0716,0576
DT,04339,0712,0594,0710,0578
DT,04338,0708,0586,0710,0576
DT,04337,0708,0590,0714,0576
DT,04337,0706,0590,0726,0576
DT,04336,0702,0598,0736,0576
DT,04335,0704,0632,0706,0578
DT,04335,0706,0606,0702,0582
DT,04334,0706,0602,0704,0578
DT,04334,0708,0600,0708,0574
DT,04333,0712,0604,0718,0574
DT,04332,0710,0604,0702,0576
DT,04332,0710,0600,0694,0578
DT,04331,0710,0602,0698,0582
DT,04330,0704,0592,0698,0584
DT,04330,0700,0588,0702,0592
DT,04329,0704,0586,0708,0630
DT,04329,0700,0586,0708,0592
DT,04328,0700,0588,0704,0580
DT,04327,0700,0594,0698,0576
DT,04326,0704,0640,0698,0576
DT,04325,0700,0614,0704,0574
DT,04325,0702,0606,0714,0574
DT,04324,0698,0600,0718,0578
DT,04323,0704,0594,0714,0582
DT,04322,0710,0594,0708,0588
DT,04322,0710,0598,0696,0588
DT,04321,0710,0596,0694,0588
DT,04320,0702,0602,0690,0592
DT,04319,0704,0602,0694,0588
DT,04318,0698,0596,0696,0592
DT,04318,0696,0594,0700,0588
DT,04317,0700,0594,0704,0592
DT,04317,0700,0598,0712,0594
DT,04316,0700,0602,0696,0592
DT,04315,0700,0606,0696,0590
DT,04315,0700,0662,0700,0590
DT,04314,0702,0636,0730,0586
DT,04313,0706,0624,0700,0586
DT,04312,0714,0626,0696,0584
DT,04311,0760,0604,0694,0588
DT,04311,0726,0602,0696,0588
DT,04310,0732,0606,0696,0584
DT,04310,0722,0618,0700,0586
DT,04309,0714,0636,0700,0586
DT,04308,0702,0644,0696,0582
DT,04308,0698,0614,0694,0584
DT,04307,0698,0608,0694,0584
DT,04306,0696,0604,0690,0584
DT,04305,0690,0596,0690,0586
DT,04304,0694,0596,0690,0586
DT,04304,0690,0598,0690,0588
DT,04303,0688,0598,0686,0590
DT,04303,0684,0600,0686,0592
DT,04302,0684,0606,0688,0598
DT,04301,0688,0614,0690,0598
DT,04301,0690,0606,0694,0600
DT,04300,0686,0602,0696,0600
DT,04299,0688,0604,0702,0598
DT,04298,0686,0608,0696,0596
DT,04297,0682,0612,0692,0592
DT,04296,0690,0612,0688,0590
DT,04296,0690,0626,0688,0592
DT,04295,0694,0606,0690,0592
DT,04294,0690,0600,0688,0592
DT,04294,0700,0598,0690,0590
DT,04292,0694,0600,0690,0594
DT,04292,0682,0600,0702,0594
DT,04291,0684,0602,0716,0594
DT,04291,0688,0604,0712,0594
DT,04290,0694,0610,0706,0592
DT,04289,0680,0622,0700,0592
DT,04289,0676,0612,0692,0592
DT,04288,0680,0610,0690,0590
DT,04287,0682,0606,0690,0594
DT,04287,0678,0610,0692,0594
DT,04286,0682,0610,0698,0596
DT,04285,0686,0610,0698,0598
DT,04285,0682,0610,0688,0604
DT,04284,0684,0610,0686,0606
DT,04284,0682,0610,0684,0602
DT,04283,0688,0610,0684,0600
DT,04282,0710,0612,0684,0600
DT,04282,0674,0612,0688,0600
DT,04281,0672,0614,0692,0600
DT,04280,0670,0614,0696,0602
DT,04280,0670,0616,0698,0598
DT,04279,0670,0618,0700,0592
DT,04278,0668,0626,0700,0592
DT,04277,0668,0618,0700,0596
DT,04277,0666,0616,0696,0596
DT,04276,0662,0616,0696,0586
DT,04275,0660,0616,0694,0586
DT,04274,0662,0616,0694,0582
DT,04274,0664,0618,0694,0584
DT,04273,0660,0632,0696,0582
DT,04272,0664,0654,0698,0584
DT,04272,0700,0630,0702,0582
DT,04271,0684,0626,0706,0584
DT,04270,0676,0620,0708,0580
DT,04270,0672,0616,0716,0580
DT,04269,0668,0612,0722,0578
DT,04267,0668,0610,0700,0576
DT,04267,0672,0622,0692,0580
DT,04266,0680,0636,0692,0584
DT,04265,0690,0626,0694,0588
DT,04265,0682,0618,0692,0586
DT,04264,0682,0614,0692,0586
DT,04263,0682,0616,0692,0584
DT,04263,0686,0618,0692,0592
DT,04262,0680,0632,0696,0618
DT,04261,0672,0652,0698,0602
DT,04261,0668,0636,0706,0594
DT,04260,0664,0626,0748,0594
DT,04260,0666,0628,0730,0614
DT,04258,0668,0636,0760,0598
DT,04258,0672,0622,0710,0582
DT,04257,0674,0618,0706,0580
DT,04256,0674,0616,0710,0578
DT,04256,0682,0622,0710,0576
DT,04254,0678,0626,0702,0576
DT,04254,0718,0692,0700,0576
DT,04253,0766,0626,0700,0574
DT,04253,0704,0614,0700,0576
DT,04252,0702,0610,0704,0576
DT,04251,0716,0612,0708,0576
DT,04251,0720,0612,0716,0576
DT,04250,0682,0610,0700,0574
DT,04249,0676,0614,0698,0574
DT,04247,0674,0658,0700,0574
DT,04246,0674,0634,0718,0578
DT,04245,0678,0632,0722,0574
DT,04245,0674,0646,0718,0576
DT,04242,0678,0684,0722,0578
DT,04241,0688,0654,0714,0590
DT,04241,0684,0664,0722,0592
DT,04240,0680,0624,0710,0584
DT,04239,0680,0614,0702,0580
DT,04238,0680,0630,0702,0580
DT,04238,0686,0698,0706,0584
DT,04237,0690,0716,0714,0588
DT,04236,0714,0628,0732,0600
DT,04235,0696,0628,0716,0586
DT,04234,0688,0624,0710,0582
DT,04233,0680,0710,0708,0576
DT,04232,0680,0764,0708,0576
DT,04231,0680,0616,0708,0576
DT,04230,0724,0618,0708,0578
DT,04230,0696,0636,0710,0578
DT,04229,0682,0632,0714,0580
DT,04228,0680,0632,0710,0576
DT,04227,0678,0640,0710,0576
DT,04226,0678,0044,0706,0576
DT,04225,0684,0626,0706,0600
DT,04224,0692,0628,0710,0592
DT,04223,0702,0756,0712,0584
DT,04222,0710,0652,0712,0580
DT,04222,0686,0618,0712,0582
DT,04221,0684,0620,0712,0600
DT,04220,0688,0634,0716,0578
DT,04219,0690,0636,0726,0574
DT,04218,0686,0628,0794,0572
DT,04216,0682,0632,0750,0570
DT,04215,0680,0746,0702,0572
DT,04214,0678,0690,0702,0578
DT,04214,0676,0646,0702,0576
DT,04213,0676,0628,0702,0574
DT,04212,0676,0672,0702,0572
DT,04211,0676,0788,0702,0574
DT,04210,0684,0798,0702,0574
DT,04209,0688,0688,0702,0570
DT,04208,0692,0668,0704,0568
DT,04207,0692,0622,0704,0570
DT,04206,0678,0610,0708,0574
DT,04205,0678,0608,0718,0574
DT,04203,0678,0614,0724,0574
DT,04202,0686,0654,0714,0574
DT,04201,0682,0702,0712,0582
DT,04200,0678,0690,0708,0600
DT,04199,0682,0692,0710,0604
DT,04198,0686,0622,0722,0566
DT,04197,0686,0750,0720,0568
DT,04196,0690,0686,0720,0572
DT,04194,0692,0642,0722,0578
DT,04193,0680,0604,0722,0584
DT,04192,0680,0604,0712,0568
DT,04191,0682,0610,0710,0568
DT,04190,0682,0698,0706,0572
DT,04189,0736,0712,0708,0580
DT,04188,0690,0612,0708,0578
DT,04186,0692,0608,0712,0570
DT,04185,0700,0698,0720,0576
DT,04184,0686,0662,0722,0586
DT,04183,0678,0666,0726,0580
DT,04182,0678,0620,0714,0574
DT,04181,0678,0630,0716,0574
DT,04180,0682,0718,0712,0576
DT,04179,0694,0694,0706,0594
DT,04178,0688,0710,0708,0582
DT,04177,0688,0730,0706,0576
DT,04176,0690,0686,0706,0576
DT,04175,0690,0656,0708,0574
DT,04173,0686,0656,0710,0570
DT,04171,0684,0696,0716,0570
DT,04170,0682,0704,0708,0566
DT,04169,0680,0626,0708,0566
DT,04168,0680,0620,0708,0566
DT,04167,0684,0618,0718,0576
DT,04166,0692,0620,0722,0570
DT,04165,0704,0616,0732,0568
DT,04164,0688,0620,0708,0570
DT,04163,0702,0638,0704,0574
DT,04162,0692,0616,0704,0648
DT,04161,0680,0612,0706,0614
DT,04160,0676,0722,0706,0580
DT,04159,0676,0612,0726,0582
DT,04158,0680,0614,0718,0592
DT,04156,0684,0678,0714,0584
DT,04155,0686,0676,0710,0584
DT,04154,0692,0670,0704,0594
DT,04153,0680,0674,0704,0574
DT,04152,0678,0696,0702,0570
DT,04151,0682,0624,0702,0574
DT,04150,0818,0624,0702,0580
DT,04149,0682,0616,0702,0578
DT,04148,0678,0610,0704,0572
DT,04147,0680,0616,0710,0574
DT,04146,0688,0622,0742,0574
DT,04145,0680,0622,0708,0578
DT,04144,0676,0620,0704,0584
DT,04143,0672,0616,0700,0584
DT,04141,0670,0608,0696,0584
DT,04140,0676,0610,0696,0584
DT,04139,0682,0616,0696,0572
DT,04137,0694,0622,0698,0570
DT,04136,0690,0626,0706,0574
DT,04135,0686,0622,0700,0576
DT,04134,0708,0620,0696,0576
DT,04133,0694,0620,0696,0578
DT,04132,0688,0622,0698,0574
DT,04131,0690,0816,0696,0574
DT,04130,0698,0748,0698,0570
DT,04129,0692,0740,0700,0570
DT,04128,0684,0638,0710,0570
DT,04126,0680,0626,0706,0570
DT,04125,0724,0660,0696,0570
DT,04121,0700,0768,0696,0572
DT,04120,0694,0620,0700,0580
DT,04119,0690,0618,0698,0582
DT,04117,0682,0622,0694,0578
DT,04116,0698,0634,0692,0576
DT,04115,0704,0622,0696,0576
DT,04114,0680,0626,0696,0578
DT,04113,0678,0626,0694,0582
DT,04112,0686,0624,0694,0602
DT,04111,0678,0634,0698,0582
DT,04110,0686,0662,0702,0582
DT,04109,0696,0670,0698,0582
DT,04107,0676,0750,0698,0582
DT,04106,0670,0626,0694,0590
DT,04105,0674,0622,0692,0590
DT,04104,0676,0630,0692,0592
DT,04103,0680,0634,0700,0592
DT,04102,0732,0632,0716,0594
DT,04101,0684,0640,0702,0594
DT,04100,0686,0730,0702,0590
DT,04099,0690,0714,0704,0590
DT,04098,0690,0672,0708,0588
DT,04097,0680,0624,0700,0588
DT,04096,0680,0632,0694,0590
DT,04093,0686,0670,0692,0606
DT,04092,0688,0630,0696,0588
DT,04091,0688,0614,0696,0582
DT,04090,0690,0614,0708,0582
DT,04089,0742,0616,0700,0586
DT,04088,0722,0622,0692,0584
DT,04087,0772,0680,0692,0584
DT,04086,0696,0754,0692,0594
DT,04085,0700,0680,0692,0594
DT,04084,0686,0632,0694,0594
DT,04081,0684,0624,0694,0582
DT,04080,0694,0738,0692,0574
DT,04079,0694,0734,0696,0570
DT,04076,0704,0624,0706,0572
DT,04075,0756,0686,0696,0572
DT,04074,0706,0626,0696,0570
DT,04071,0738,0610,0716,0570
DT,04069,0710,0700,0702,0578
DT,04068,0732,0618,0702,0594
DT,04066,0728,0636,0700,0576
DT,04064,0712,0732,0700,0572
DT,04063,0710,0670,0706,0568
DT,04061,0700,0638,0708,0576
DT,04060,0704,0648,0710,0588
DT,04059,0716,0700,0706,0592
DT,04056,0718,0746,0706,0570
DT,04055,0704,0670,0708,0576
DT,04054,0756,0668,0710,0578
DT,04052,0706,0680,0714,0620
DT,04050,0702,0740,0712,0602
DT,04048,0702,0776,0708,0570
DT,04047,0706,0838,0712,0574
DT,04046,0706,0732,0712,0574
DT,04044,0726,0760,0710,0572
DT,04043,0698,0616,0706,0572
DT,04042,0704,0614,0706,0572
DT,04041,0720,0642,0708,0568
DT,04039,0698,0640,0708,0574
DT,04038,0694,0714,0720,0572
DT,04037,0692,0722,0728,0562
DT,04035,0694,0612,0722,0562
DT,04034,0694,0608,0712,0562
DT,04033,0690,0612,0714,0574
DT,04032,0688,0612,0716,0566
DT,04030,0710,0612,0720,0564
DT,04029,0698,0604,0716,0564
DT,04026,0688,0608,0718,0570
DT,04025,0678,0628,0718,0574
DT,04024,0686,0602,0738,0570
DT,04022,0704,0600,0734,0566
DT,04021,0696,0606,0730,0568
DT,04020,0690,0616,0724,0564
DT,04019,0684,0612,0718,0562
DT,04017,0682,0622,0710,0566
DT,04016,0686,0758,0708,0576
DT,04015,0692,0732,0714,0568
DT,04013,0694,0634,0718,0580
DT,04012,0696,0636,0712,0562
DT,04011,0702,0706,0708,0556
DT,04009,0716,0632,0710,0556
DT,04008,0716,0612,0718,0564
DT,04007,0716,0614,0720,0574
DT,04005,0710,0662,0730,0562
DT,04004,0726,0706,0726,0558
DT,04003,0692,0614,0722,0562
DT,04001,0692,0618,0726,0564
DT,04000,0690,0624,0724,0574
DT,03999,0706,0616,0730,0044
DT,03998,0708,0616,0724,0576
DT,03995,0688,0688,0722,0576
DT,03994,0690,0602,0710,0568
DT,03992,0688,0610,0712,0566
DT,03990,0688,0676,0710,0568
DT,03988,0702,0612,0712,0558
DT,03987,0698,0606,0716,0560
DT,03986,0690,0610,0720,0566
DT,03985,0686,0632,0718,0562
DT,03983,0714,0656,0716,0562
DT,03981,0690,0632,0716,0592
DT,03979,0680,0616,0720,0564
DT,03978,0676,0614,0724,0568
DT,03977,0676,0636,0716,0584
DT,03976,0680,0646,0716,0582
DT,03974,0690,0624,0716,0592
DT,03973,0682,0648,0716,0572
DT,03972,0684,0616,0722,0576
DT,03970,0694,0612,0722,0582
DT,03969,0718,0638,0722,0584
DT,03968,0718,0760,0722,0572
DT,03966,0724,0654,0716,0570
DT,03965,0730,0718,0712,0570
DT,03964,0728,0620,0712,0586
DT,03962,0714,0624,0710,0716
DT,03961,0690,0618,0708,0602
DT,03960,0684,0658,0708,0592
DT,03959,0684,0640,0712,0584
DT,03957,0684,0626,0718,0570
DT,03956,0714,0618,0712,0564
DT,03953,0678,0618,0708,0564
DT,03952,0674,0624,0704,0566
DT,03951,0688,0642,0704,0602
DT,03949,0728,0646,0704,0576
DT,03948,0696,0636,0708,0568
DT,03947,0698,0668,0714,0564
DT,03945,0690,0632,0716,0564
DT,03944,0690,0702,0708,0566
DT,03943,0686,0716,0708,0568
DT,03940,0688,0630,0706,0566
DT,03939,0684,0708,0704,0700
DT,03938,0692,0640,0704,0616
DT,03935,0722,0636,0708,0578
DT,03934,0694,0626,0710,0572
DT,03933,0738,0626,0710,0568
DT,03930,0700,0698,0714,0608
DT,03929,0684,0622,0714,0566
DT,03927,0682,0696,0718,0566
DT,03926,0678,0794,0722,0566
DT,03925,0680,0624,0716,0566
DT,03923,0740,0624,0714,0570
DT,03922,0694,0644,0714,0566
DT,03921,0682,0720,0714,0566
DT,03920,0686,0628,0710,0568
DT,03917,0684,0642,0708,0568
DT,03916,0706,0618,0706,0566
DT,03913,0690,0628,0706,0574
DT,03912,0710,0618,0704,0574
DT,03910,0682,0806,0706,0586
DT,03909,0696,0044,0706,0568
DT,03908,0678,0620,0706,0562
DT,03906,0688,0624,0706,0558
DT,03905,0716,0616,0708,0560
DT,03904,0688,0634,0712,0562
DT,03902,0738,0638,0714,0568
DT,03901,0684,0638,0710,0570
DT,03900,0676,0632,0708,0564
DT,03899,0684,0634,0710,0564
DT,03897,0688,0646,0712,0566
DT,03896,0678,0650,0714,0574
DT,03895,0676,0648,0716,0572
DT,03893,0684,0700,0712,0564
DT,03892,0684,0644,0718,0562
DT,03891,0706,0644,0712,0566
DT,03889,0684,0688,0712,0566
DT,03888,0682,0660,0714,0566
DT,03887,0686,0672,0722,0564
DT,03885,0680,0626,0730,0562
DT,03884,0676,0634,0728,0560
DT,03883,0688,0660,0724,0560
DT,03882,0678,0690,0716,0564
DT,03880,0674,0678,0716,0562
DT,03879,0674,0724,0716,0562
DT,03878,0670,0732,0716,0562
DT,03876,0676,0638,0718,0564
DT,03874,0676,0636,0728,0568
DT,03872,0704,0624,0716,0564
DT,03871,0718,0620,0718,0562
DT,03867,0700,0624,0714,0570
DT,03866,0680,0676,0716,0566
DT,03865,0688,0634,0718,0560
DT,03863,0686,0634,0728,0564
DT,03862,0732,0656,0724,0562
DT,03861,0710,0648,0722,0562
DT,03859,0682,0644,0720,0570
DT,03858,0682,0658,0720,0580
DT,03857,0704,0738,0724,0044
DT,03855,0736,0662,0732,0562
DT,03854,0706,0660,0718,0558
DT,03851,0676,0670,0722,0562
DT,03850,0672,0760,0718,0580
DT,03849,0680,0632,0714,0566
DT,03848,0684,0626,0716,0556
DT,03846,0684,0670,0714,0556
DT,03845,0686,0648,0716,0558
DT,03844,0692,0654,0716,0562
DT,03842,0706,0694,0720,0570
DT,03841,0682,0632,0722,0564
DT,03840,0678,0648,0726,0560
DT,03838,0690,0650,0722,0560
DT,03837,0720,0626,0730,0566
DT,03836,0692,0634,0718,0576
DT,03832,0684,0680,0716,0562
DT,03831,0674,0656,0722,0560
DT,03829,0692,0672,0732,0558
DT,03828,0680,0786,0718,0560
DT,03827,0676,0698,0714,0554
DT,03825,0690,0644,0714,0556
DT,03824,0728,0646,0714,0558
DT,03823,0684,0630,0714,0560
DT,03822,0668,0638,0718,0556
DT,03820,0668,0630,0720,0556
DT,03819,0668,0624,0716,0558
DT,03818,0678,0620,0720,0570
DT,03815,0682,0622,0718,0570
DT,03814,0676,0614,0712,0702
DT,03812,0688,0610,0710,0562
DT,03811,0690,0664,0708,0562
DT,03810,0690,0628,0708,0562
DT,03808,0736,0620,0710,0564
DT,03807,0692,0626,0714,0568
DT,03805,0720,0630,0716,0572
DT,03804,0710,0674,0716,0568
DT,03802,0682,0722,0712,0568
DT,03801,0684,0642,0714,0568
DT,03799,0694,0716,0722,0568
DT,03798,0724,0626,0716,0568
DT,03797,0682,0780,0712,0572
DT,03795,0678,0630,0714,0574
DT,03794,0686,0620,0714,0576
DT,03792,0684,0628,0720,0572
DT,03791,0694,0620,0720,0580
DT,03789,0690,0620,0718,0724
DT,03788,0682,0662,0716,0596
DT,03787,0682,0650,0718,0562
DT,03785,0682,0634,0716,0564
DT,03784,0682,0616,0716,0566
DT,03782,0676,0610,0716,0566
DT,03781,0694,0610,0716,0564
DT,03779,0676,0616,0730,0560
DT,03778,0660,0628,0714,0562
DT,03776,0658,0634,0708,0570
DT,03775,0662,0624,0706,0572
DT,03773,0666,0636,0708,0584
DT,03772,0680,0718,0710,0576
DT,03770,0688,0644,0706,0570
DT,03767,0712,0656,0714,0572
DT,03765,0676,0634,0710,0578
DT,03762,0684,0632,0710,0572
DT,03761,0674,0624,0706,0582
DT,03757,0676,0622,0702,0574
DT,03754,0734,0726,0708,0570
DT,03752,0688,0654,0700,0572
DT,03751,0692,0724,0698,0574
DT,03747,0680,0650,0698,0574
DT,03746,0756,0630,0694,0586
DT,03744,0698,0640,0692,0584
DT,03742,0676,0652,0692,0576
DT,03739,0668,0744,0692,0576
DT,03737,0708,0642,0692,0572
DT,03735,0716,0640,0694,0572
DT,03734,0664,0632,0692,0572
DT,03732,0660,0638,0692,0572
DT,03730,0662,0726,0692,0572
DT,03729,0666,0642,0692,0576
DT,03727,0672,0642,0694,0572
DT,03725,0672,0754,0694,0572
DT,03718,0670,0640,0694,0572
DT,03714,0668,0644,0698,0572
DT,03713,0686,0636,0704,0578
DT,03711,0680,0640,0700,0584
DT,03709,0676,0650,0694,0584
DT,03707,0684,0666,0694,0578
DT,03705,0678,0642,0694,0572
DT,03703,0674,0644,0694,0570
DT,03700,0672,0636,0696,0570
DT,03696,0662,0632,0700,0574
DT,03694,0670,0724,0692,0576
DT,03692,0668,0632,0692,0576
DT,03691,0664,0634,0696,0574
DT,03689,0668,0632,0696,0570
DT,03687,0670,0654,0694,0572
DT,03685,0676,0636,0694,0572
DT,03683,0692,0882,0694,0572
DT,03680,0726,0640,0694,0576
DT,03678,0676,0642,0694,0576
DT,03676,0676,0638,0696,0584
DT,03674,0678,0640,0696,0580
DT,03673,0674,0636,0696,0576
DT,03671,0662,0636,0696,0570
DT,03669,0668,0648,0696,0570
DT,03667,0684,0702,0696,0572
DT,03665,0722,0640,0698,0572
DT,03663,0694,0634,0698,0570
DT,03662,0746,0640,0700,0572
DT,03658,0734,0642,0700,0570
DT,03656,0704,0634,0702,0570
DT,03654,0700,0634,0702,0568
DT,03653,0662,0718,0704,0568
DT,03649,0666,0650,0704,0568
DT,03647,0686,0682,0702,0568
DT,03645,0666,0666,0702,0568
DT,03643,0674,0638,0704,0568
DT,03641,0744,0634,0704,0568
DT,03640,0718,0666,0704,0564
DT,03638,0674,0728,0704,0566
DT,03636,0658,0642,0704,0566
DT,03634,0658,0652,0704,0566
DT,03632,0668,0640,0704,0566
DT,03629,0670,0648,0706,0566
DT,03627,0668,0650,0704,0570
DT,03625,0670,0658,0704,0566
DT,03623,0666,0658,0704,0568
DT,03622,0688,0656,0704,0574
DT,03620,0682,0732,0704,0572
DT,03618,0734,0646,0704,0570
DT,03616,0716,0642,0704,0568
DT,03614,0722,0642,0706,0570
DT,03612,0754,0732,0706,0566
DT,03611,0702,0638,0706,0566
DT,03609,0692,0638,0706,0566
DT,03607,0700,0644,0706,0566
DT,03605,0712,0654,0706,0566
DT,03603,0676,0654,0706,0566
DT,03601,0694,0660,0710,0568
DT,03599,0682,0654,0708,0568
DT,03598,0678,0636,0708,0568
DT,03596,0678,0640,0708,0564
DT,03594,0670,0642,0708,0564
DT,03592,0666,0698,0708,0566
DT,03590,0692,0676,0708,0566
DT,03588,0704,0666,0710,0566
DT,03587,0672,0638,0712,0568
DT,03585,0664,0746,0710,0568
DT,03583,0724,0644,0710,0564
DT,03581,0690,0652,0712,0564
DT,03579,0666,0648,0710,0566
DT,03578,0674,0656,0710,0572
DT,03576,0672,0662,0710,0576
DT,03574,0660,0674,0710,0568
DT,03572,0668,0636,0710,0566
DT,03570,0676,0672,0710,0566
DT,03568,0662,0640,0710,0574
DT,03567,0668,0644,0708,0566
DT,03565,0666,0650,0710,0562
DT,03563,0664,0692,0710,0562
DT,03561,0668,0686,0710,0562
DT,03559,0672,0696,0710,0562
DT,03557,0700,0648,0712,0562
DT,03556,0712,0644,0712,0562
DT,03554,0688,0640,0710,0564
DT,03552,0684,0722,0710,0568
DT,03550,0670,0710,0710,0564
DT,03548,0710,0658,0712,0564
DT,03546,0686,0748,0714,0566
DT,03545,0686,0662,0720,0566
DT,03543,0684,0660,0716,0572
DT,03541,0674,0648,0714,0570
DT,03539,0666,0630,0712,0566
DT,03537,0722,0626,0710,0564
DT,03535,0718,0634,0710,0566
DT,03534,0682,0650,0710,0564
DT,03532,0710,0642,0710,0568
DT,03530,0686,0634,0710,0564
DT,03528,0716,0634,0710,0562
DT,03526,0698,0652,0710,0562
DT,03525,0672,0640,0710,0562
DT,03523,0710,0652,0708,0562
DT,03521,0670,0646,0710,0562
DT,03519,0670,0636,0710,0562
DT,03517,0666,0638,0710,0562
DT,03514,0674,0652,0714,0564
DT,03512,0714,0644,0710,0562
DT,03510,0694,0648,0708,0562
DT,03508,0694,0692,0708,0562
DT,03506,0718,0654,0708,0564
DT,03505,0668,0664,0708,0566
DT,03503,0722,0660,0708,0564
DT,03501,0704,0776,0708,0564
DT,03499,0710,0712,0706,0564
DT,03497,0672,0638,0706,0564
DT,03495,0676,0636,0706,0566
DT,03493,0692,0644,0706,0566
DT,03492,0690,0654,0704,0564
DT,03490,0680,0658,0704,0566
DT,03488,0686,0656,0702,0568
DT,03486,0680,0650,0702,0566
DT,03484,0692,0652,0702,0566
DT,03483,0714,0722,0704,0566
DT,03481,0714,0722,0702,0568
DT,03479,0674,0660,0702,0566
DT,03477,0754,0662,0702,0564
DT,03475,0680,0790,0704,0562
DT,03473,0682,0668,0702,0566
DT,03472,0662,0674,0702,0564
DT,03470,0674,0666,0702,0566
DT,03468,0686,0688,0700,0564
DT,03466,0664,0692,0702,0564
DT,03464,0668,0780,0702,0560
DT,03463,0760,0716,0702,0562
DT,03459,0690,0644,0702,0562
DT,03457,0704,0666,0704,0564
DT,03455,0710,0682,0702,0562
DT,03453,0712,0674,0704,0564
DT,03452,0726,0656,0702,0560
DT,03450,0662,0650,0702,0560
DT,03448,0728,0654,0702,0560
DT,03446,0710,0648,0704,0560
DT,03444,0682,0730,0704,0564
DT,03442,0670,0790,0702,0560
DT,03441,0658,0668,0702,0562
DT,03437,0662,0666,0702,0562
DT,03435,0666,0648,0704,0562
DT,03431,0666,0652,0706,0558
DT,03430,0762,0670,0704,0560
DT,03428,0688,0658,0704,0562
DT,03426,0654,0660,0704,0564
DT,03424,0654,0678,0706,0562
DT,03420,0654,0676,0704,0558
DT,03419,0654,0654,0704,0560
DT,03417,0686,0652,0706,0558
DT,03415,0682,0690,0706,0560
DT,03413,0650,0762,0706,0558
DT,03411,0700,0694,0706,0560
DT,03409,0724,0664,0706,0560
DT,03408,0652,0672,0706,0560
DT,03406,0684,0672,0706,0558
DT,03404,0662,0654,0708,0556
DT,03402,0696,0658,0706,0556
DT,03400,0696,0704,0706,0556
DT,03397,0662,0718,0706,0560
DT,03395,0714,0766,0710,0556
DT,03393,0674,0754,0710,0558
DT,03391,0662,0696,0712,0558
DT,03389,0694,0680,0712,0558
DT,03388,0666,0704,0712,0558
DT,03384,0730,0650,0712,0558
DT,03382,0672,0678,0710,0558
DT,03380,0668,0654,0710,0558
DT,03379,0690,0766,0712,0556
DT,03377,0664,0732,0710,0558
DT,03375,0692,0710,0708,0558
DT,03373,0658,0664,0710,0560
DT,03371,0666,0656,0710,0558
DT,03369,0686,0718,0710,0560
DT,03368,0690,0692,0710,0560
DT,03366,0678,0660,0710,0560
DT,03364,0662,0648,0708,0560
DT,03362,0682,0680,0708,0562
DT,03360,0762,0718,0708,0562
DT,03359,0666,0654,0708,0566
DT,03357,0672,0724,0706,0566
DT,03355,0660,0728,0706,0564
DT,03353,0676,0652,0706,0562
DT,03351,0666,0660,0706,0564
DT,03349,0664,0640,0706,0568
DT,03348,0670,0654,0706,0568
DT,03344,0676,0736,0706,0566
DT,03342,0668,0634,0704,0566
DT,03340,0672,0636,0704,0566
DT,03338,0662,0656,0704,0566
DT,03337,0662,0660,0702,0568
DT,03335,0700,0714,0704,0572
DT,03333,0664,0638,0702,0576
DT,03331,0676,0684,0704,0572
DT,03329,0678,0648,0704,0568
DT,03328,0696,0650,0706,0566
DT,03326,0728,0674,0704,0566
DT,03324,0744,0664,0704,0570
DT,03320,0660,0646,0706,0568
DT,03318,0672,0646,0706,0566
DT,03313,0682,0658,0706,0566
DT,03311,0674,0716,0706,0566
DT,03309,0682,0794,0706,0566
DT,03308,0772,0652,0706,0566
DT,03306,0678,0652,0706,0564
DT,03304,0662,0646,0706,0564
DT,03302,0656,0688,0706,0566
DT,03300,0664,0730,0706,0568
DT,03298,0662,0664,0706,0564
DT,03297,0670,0662,0706,0564
DT,03295,0660,0654,0706,0564
DT,03291,0656,0654,0706,0564
DT,03289,0660,0656,0704,0564
DT,03287,0656,0652,0706,0564
DT,03286,0676,0644,0704,0564
DT,03284,0704,0644,0708,0564
DT,03282,0704,0636,0704,0564
DT,03280,0690,0644,0704,0562
DT,03278,0684,0656,0704,0562
DT,03277,0676,0678,0706,0560
DT,03275,0674,0646,0706,0562
DT,03273,0698,0658,0704,0562
DT,03271,0678,0662,0702,0562
DT,03268,0678,0654,0702,0564
DT,03266,0676,0662,0704,0564
DT,03264,0670,0652,0702,0566
DT,03262,0728,0658,0702,0568
DT,03260,0724,0650,0700,0570
DT,03258,0672,0648,0698,0572
DT,03255,0676,0652,0698,0574
DT,03253,0654,0636,0696,0574
DT,03251,0672,0650,0694,0574
DT,03249,0654,0658,0692,0576
DT,03244,0654,0644,0692,0576
DT,03242,0652,0644,0690,0582
DT,03240,0658,0646,0688,0582
DT,03238,0650,0642,0688,0578
DT,03237,0650,0650,0688,0580
DT,03235,0660,0678,0688,0580
DT,03233,0684,0660,0686,0582
DT,03231,0664,0750,0688,0582
DT,03229,0654,0656,0688,0582
DT,03227,0646,0664,0688,0582
DT,03226,0658,0660,0690,0582
DT,03220,0648,0674,0690,0580
DT,03218,0658,0650,0692,0584
DT,03217,0658,0662,0694,0578
DT,03215,0654,0674,0696,0572
DT,03213,0678,0654,0696,0572
DT,03211,0668,0684,0698,0572
DT,03209,0654,0658,0698,0572
DT,03207,0658,0654,0696,0572
DT,03204,0664,0658,0700,0570
DT,03202,0664,0652,0702,0568
DT,03200,0654,0660,0702,0566
DT,03198,0652,0666,0702,0564
DT,03196,0654,0650,0704,0566
DT,03195,0654,0694,0704,0564
DT,03193,0658,0736,0704,0564
DT,03191,0662,0668,0704,0564
DT,03189,0676,0648,0706,0564
DT,03184,0664,0682,0706,0564
DT,03182,0652,0698,0704,0566
DT,03180,0672,0762,0704,0564
DT,03178,0672,0640,0704,0562
DT,03176,0682,0640,0708,0562
DT,03175,0658,0662,0706,0562
DT,03173,0658,0654,0708,0562
DT,03169,0678,0646,0706,0562
DT,03167,0668,0704,0708,0560
DT,03165,0714,0656,0710,0560
DT,03164,0714,0638,0708,0560
DT,03162,0688,0650,0710,0560
DT,03158,0692,0644,0712,0560
DT,03156,0670,0646,0714,0558
DT,03154,0676,0636,0712,0558
DT,03153,0660,0648,0714,0556
DT,03149,0674,0662,0714,0556
DT,03147,0690,0646,0718,0556
DT,03143,0682,0682,0716,0556
DT,03141,0694,0662,0720,0554
DT,03138,0694,0702,0720,0552
DT,03136,0666,0678,0718,0552
DT,03134,0686,0636,0718,0550
DT,03132,0678,0644,0722,0550
DT,03129,0682,0682,0722,0550
DT,03127,0690,0664,0724,0548
DT,03125,0682,0638,0724,0548
DT,03122,0678,0660,0724,0548
DT,03120,0674,0646,0724,0548
DT,03118,0684,0660,0724,0546
DT,03116,0700,0652,0726,0546
DT,03114,0692,0656,0728,0546
DT,03113,0682,0654,0724,0546
DT,03111,0720,0656,0724,0546
DT,03109,0696,0666,0724,0546
DT,03107,0736,0656,0724,0546
DT,03105,0740,0654,0728,0548
DT,03103,0746,0656,0726,0548
DT,03101,0684,0656,0726,0548
DT,03100,0680,0674,0728,0546
DT,03098,0656,0650,0728,0546
DT,03096,0674,0644,0728,0548
DT,03094,0654,0650,0726,0548
DT,03092,0652,0670,0728,0548
DT,03090,0656,0732,0730,0548
DT,03089,0654,0662,0730,0550
DT,03087,0662,0674,0726,0550
DT,03085,0742,0708,0724,0548
DT,03083,0708,0658,0724,0548
DT,03081,0658,0650,0724,0548
DT,03080,0660,0658,0722,0554
DT,03078,0676,0668,0720,0554
DT,03076,0692,0654,0722,0556
DT,03074,0668,0646,0720,0556
DT,03072,0658,0644,0716,0556
DT,03071,0704,0652,0714,0556
DT,03069,0684,0682,0712,0558
DT,03067,0660,0662,0712,0558
DT,03065,0674,0676,0710,0560
DT,03061,0728,0748,0710,0556
DT,03060,0690,0688,0708,0558
DT,03058,0658,0760,0706,0558
DT,03056,0660,0660,0704,0558
DT,03054,0660,0660,0704,0562
DT,03049,0670,0642,0704,0558
DT,03047,0666,0648,0704,0560
DT,03045,0700,0664,0706,0560
DT,03043,0674,0656,0706,0562
DT,03041,0658,0650,0706,0562
DT,03039,0676,0652,0704,0562
DT,03038,0706,0646,0704,0562
DT,03036,0716,0658,0706,0560
DT,03034,0652,0660,0704,0560
DT,03032,0678,0660,0704,0560
DT,03030,0670,0666,0704,0560
DT,03029,0650,0654,0704,0560
DT,03027,0644,0658,0704,0560
DT,03025,0670,0668,0704,0560
DT,03023,0720,0644,0708,0560
DT,03021,0658,0670,0704,0560
DT,03018,0676,0650,0706,0560
DT,03016,0714,0646,0706,0560
DT,03014,0706,0678,0708,0560
DT,03012,0666,0654,0708,0562
DT,03010,0676,0646,0708,0562
DT,03007,0676,0670,0706,0564
DT,03005,0678,0656,0706,0564
DT,03003,0756,0658,0708,0560
DT,03001,0676,0724,0706,0564
DT,02999,0716,0666,0706,0564
DT,02997,0736,0656,0706,0564
DT,02994,0660,0654,0706,0562
DT,02992,0694,0668,0706,0566
DT,02990,0680,0730,0704,0566
DT,02988,0674,0662,0704,0566
DT,02986,0670,0684,0704,0568
DT,02985,0672,0654,0704,0570
DT,02983,0672,0652,0706,0568
DT,02981,0662,0690,0706,0570
DT,02977,0668,0658,0706,0566
DT,02972,0642,0790,0706,0566
DT,02970,0662,0734,0700,0568
DT,02968,0654,0662,0700,0566
DT,02964,0676,0692,0700,0568
DT,02963,0668,0660,0698,0572
DT,02961,0680,0660,0700,0570
DT,02959,0652,0676,0700,0572
DT,02957,0662,0688,0700,0568
DT,02955,0654,0672,0698,0570
DT,02953,0648,0704,0696,0572
DT,02952,0662,0660,0696,0580
DT,02950,0664,0690,0696,0572
DT,02948,0682,0660,0696,0570
DT,02946,0678,0652,0696,0568
DT,02944,0690,0670,0700,0570
DT,02942,0680,0704,0698,0574
DT,02941,0670,0720,0696,0572
DT,02939,0674,0664,0696,0576
DT,02937,0676,0656,0696,0572
DT,02935,0772,0660,0696,0572
DT,02933,0662,0660,0700,0582
DT,02931,0654,0718,0700,0570
DT,02930,0654,0710,0700,0570
DT,02928,0682,0766,0700,0568
DT,02926,0658,0652,0700,0566
DT,02924,0652,0648,0700,0564
DT,02922,0676,0656,0700,0562
DT,02919,0654,0648,0702,0562
DT,02917,0666,0646,0702,0562
DT,02915,0742,0676,0704,0564
DT,02911,0684,0658,0704,0564
DT,02908,0650,0694,0706,0560
DT,02906,0722,0722,0706,0560
DT,02904,0664,0674,0708,0562
DT,02900,0660,0646,0708,0566
DT,02898,0718,0710,0710,0558
DT,02895,0694,0716,0708,0552
DT,02893,0688,0646,0712,0556
DT,02891,0688,0650,0714,0556
DT,02887,0718,0644,0714,0556
DT,02886,0656,0644,0714,0554
DT,02884,0672,0650,0714,0554
DT,02880,0668,0752,0714,0554
DT,02876,0704,0642,0718,0554
DT,02875,0660,0696,0718,0552
DT,02873,0702,0656,0718,0552
DT,02871,0702,0722,0722,0552
DT,02869,0704,0660,0722,0552
DT,02867,0654,0652,0722,0552
DT,02866,0664,0650,0722,0554
DT,02862,0676,0642,0726,0558
DT,02860,0684,0646,0718,0554
DT,02858,0702,0654,0720,0556
DT,02856,0664,0646,0718,0556
DT,02855,0668,0652,0720,0560
DT,02853,0672,0652,0728,0558
DT,02851,0670,0648,0714,0558
DT,02849,0700,0642,0712,0554
DT,02847,0670,0694,0710,0558
DT,02845,0756,0664,0710,0558
DT,02843,0670,0668,0708,0558
DT,02842,0668,0652,0706,0558
DT,02838,0700,0652,0706,0560
DT,02836,0708,0660,0712,0560
DT,02834,0722,0662,0706,0560
DT,02833,0738,0668,0706,0560
DT,02831,0686,0656,0704,0560
DT,02829,0676,0656,0706,0560
DT,02827,0730,0656,0706,0562
DT,02825,0700,0652,0708,0562
DT,02823,0698,0656,0710,0562
DT,02822,0694,0666,0704,0562
DT,02820,0756,0664,0704,0564
DT,02816,0712,0670,0704,0564
DT,02814,0668,0656,0702,0564
DT,02812,0676,0656,0702,0566
DT,02811,0686,0660,0702,0568
DT,02807,0700,0680,0702,0570
DT,02805,0718,0668,0696,0572
DT,02803,0710,0704,0696,0572
DT,02801,0736,0674,0694,0572
DT,02800,0732,0682,0694,0572
DT,02796,0680,0682,0692,0572
DT,02794,0714,0676,0688,0576
DT,02790,0684,0716,0688,0576
DT,02788,0730,0658,0690,0576
DT,02787,0718,0662,0688,0576
DT,02785,0722,0676,0684,0580
DT,02783,0720,0662,0686,0580
DT,02781,0664,0672,0684,0580
DT,02779,0654,0670,0682,0578
DT,02777,0698,0656,0684,0584
DT,02776,0658,0680,0684,0588
DT,02774,0714,0732,0684,0596
DT,02772,0664,0662,0684,0598
DT,02770,0690,0658,0682,0598
DT,02768,0722,0652,0680,0604
DT,02767,0666,0656,0680,0604
DT,02765,0652,0658,0680,0628
DT,02763,0652,0650,0680,0600
DT,02761,0656,0660,0680,0600
DT,02759,0744,0658,0680,0602
DT,02757,0658,0654,0680,0596
DT,02756,0658,0678,0676,0594
DT,02754,0672,0658,0676,0596
DT,02752,0664,0662,0676,0596
DT,02750,0722,0648,0676,0594
DT,02748,0684,0652,0676,0590
DT,02746,0728,0676,0676,0588
DT,02744,0666,0680,0676,0588
DT,02741,0738,0658,0676,0592
DT,02739,0658,0676,0676,0588
DT,02735,0676,0676,0676,0588
DT,02732,0762,0672,0678,0596
DT,02730,0660,0664,0678,0580
DT,02728,0702,0658,0680,0578
DT,02726,0662,0652,0680,0578
DT,02724,0696,0658,0682,0578
DT,02723,0756,0650,0682,0582
DT,02721,0654,0644,0684,0578
DT,02719,0658,0646,0684,0576
DT,02717,0668,0648,0684,0574
DT,02715,0672,0646,0684,0574
DT,02713,0658,0668,0686,0576
DT,02711,0662,0682,0686,0578
DT,02710,0658,0662,0686,0578
DT,02708,0654,0652,0688,0578
DT,02706,0650,0642,0688,0578
DT,02702,0654,0640,0690,0578
DT,02700,0664,0646,0690,0584
DT,02699,0782,0650,0692,0580
DT,02697,0656,0718,0692,0590
DT,02695,0662,0758,0692,0588
DT,02693,0656,0650,0694,0576
DT,02689,0652,0662,0696,0570
DT,02688,0660,0650,0696,0570
DT,02686,0660,0656,0696,0564
DT,02684,0656,0640,0698,0562
DT,02682,0760,0644,0702,0562
DT,02680,0670,0680,0702,0560
DT,02677,0692,0658,0704,0560
DT,02675,0678,0670,0708,0560
DT,02673,0682,0654,0708,0560
DT,02671,0652,0660,0708,0562
DT,02669,0674,0650,0710,0562
DT,02668,0648,0654,0714,0562
DT,02664,0646,0660,0714,0562
DT,02662,0646,0648,0712,0562
DT,02660,0640,0654,0712,0562
DT,02658,0664,0652,0714,0556
DT,02657,0646,0658,0714,0556
DT,02655,0664,0654,0718,0560
DT,02651,0638,0666,0716,0556
DT,02649,0630,0654,0718,0558
DT,02647,0634,0666,0716,0558
DT,02645,0718,0656,0718,0558
DT,02644,0648,0656,0720,0558
DT,02642,0644,0664,0722,0558
DT,02640,0648,0656,0720,0558
DT,02638,0664,0662,0718,0560
DT,02636,0660,0676,0720,0560
DT,02634,0732,0662,0722,0564
DT,02633,0680,0666,0740,0562
DT,02631,0658,0692,0726,0562
DT,02629,0666,0654,0726,0558
DT,02627,0670,0658,0726,0562
DT,02625,0680,0652,0736,0564
DT,02622,0674,0658,0752,0566
DT,02620,0658,0674,0738,0566
DT,02618,0694,0662,0738,0568
DT,02616,0648,0666,0742,0564
DT,02612,0654,0660,0740,0568
DT,02611,0688,0658,0744,0568
DT,02605,0670,0702,0762,0570
DT,02603,0664,0640,0768,0566
DT,02599,0654,0642,0734,0566
DT,02598,0680,0760,0732,0570
DT,02596,0680,0666,0724,0568
DT,02594,0642,0660,0720,0568
DT,02592,0644,0646,0718,0570
DT,02590,0646,0654,0716,0570
DT,02588,0658,0650,0716,0570
DT,02587,0664,0650,0716,0568
DT,02585,0664,0672,0718,0574
DT,02583,0662,0654,0720,0574
DT,02581,0666,0642,0748,0576
DT,02579,0666,0642,0732,0576
DT,02576,0670,0650,0726,0578
DT,02574,0726,0648,0718,0582
DT,02572,0648,0682,0720,0590
DT,02570,0652,0662,0720,0592
DT,02568,0658,0650,0704,0596
DT,02566,0682,0696,0696,0592
DT,02565,0644,0684,0692,0600
DT,02563,0642,0648,0686,0604
DT,02561,0642,0644,0682,0590
DT,02559,0642,0678,0684,0588
DT,02557,0650,0670,0684,0590
DT,02555,0652,0662,0684,0592
DT,02554,0652,0660,0684,0590
DT,02552,0664,0656,0682,0590
DT,02550,0686,0714,0678,0592
DT,02548,0758,0672,0676,0592
DT,02546,0666,0668,0676,0590
DT,02544,0762,0682,0674,0592
DT,02543,0708,0682,0674,0592
DT,02541,0740,0690,0674,0590
DT,02539,0912,0682,0672,0590
DT,02537,0656,0678,0672,0590
DT,02535,0640,0666,0672,0590
DT,02533,0644,0660,0676,0588
DT,02532,0678,0668,0676,0586
DT,02530,0642,0894,0676,0586
DT,02528,0640,0662,0676,0586
DT,02526,0640,0660,0678,0584
DT,02524,0652,0674,0682,0584
DT,02522,0652,0670,0680,0582
DT,02521,0660,0682,0680,0582
DT,02519,0670,0670,0680,0580
DT,02517,0662,0732,0680,0582
DT,02515,0644,0668,0682,0580
DT,02513,0654,0662,0682,0578
DT,02511,0712,0660,0680,0578
DT,02510,0684,0670,0682,0578
DT,02508,0674,0666,0682,0576
DT,02506,0652,0666,0684,0576
DT,02504,0642,0690,0684,0574
DT,02502,0676,0672,0686,0576
DT,02500,0712,0676,0688,0576
DT,02499,0722,0684,0688,0574
DT,02497,0666,0680,0690,0574
DT,02495,0652,0670,0690,0574
DT,02493,0648,0698,0692,0578
DT,02491,0654,0670,0692,0578
DT,02486,0698,0668,0692,0574
DT,02484,0694,0676,0694,0574
DT,02482,0692,0672,0694,0572
DT,02480,0662,0688,0694,0572
DT,02479,0702,0684,0694,0572
DT,02477,0716,0676,0698,0572
DT,02475,0730,0666,0702,0568
DT,02473,0686,0784,0700,0568
DT,02471,0670,0722,0700,0570
DT,02470,0662,0674,0700,0570
DT,02468,0752,0670,0700,0570
DT,02466,0658,0670,0698,0568
DT,02464,0650,0680,0696,0568
DT,02462,0760,0664,0698,0568
DT,02460,0698,0664,0698,0568
DT,02459,0682,0664,0698,0568
DT,02457,0672,0678,0696,0568
DT,02455,0724,0682,0698,0566
DT,02453,0734,0664,0700,0566
DT,02451,0682,0698,0702,0566
DT,02449,0700,0684,0700,0566
DT,02447,0658,0670,0698,0568
DT,02446,0654,0676,0698,0566
DT,02444,0656,0658,0696,0568
DT,02442,0664,0654,0700,0566
DT,02440,0726,0654,0698,0566
DT,02438,0716,0664,0698,0568
DT,02437,0672,0670,0696,0572
DT,02435,0676,0680,0696,0572
DT,02433,0666,0668,0696,0568
DT,02431,0666,0668,0696,0572
DT,02429,0666,0664,0694,0576
DT,02427,0672,0672,0694,0572
DT,02426,0680,0740,0694,0572
DT,02424,0732,0654,0692,0572
DT,02422,0672,0646,0692,0574
DT,02420,0658,0642,0692,0574
DT,02418,0694,0644,0692,0578
DT,02414,0672,0642,0692,0576
DT,02413,0670,0662,0692,0576
DT,02411,0682,0646,0692,0576
DT,02409,0694,0664,0692,0578
DT,02407,0670,0682,0692,0576
DT,02405,0690,0664,0692,0576
DT,02403,0718,0660,0690,0576
DT,02401,0718,0654,0690,0578
DT,02400,0674,0670,0690,0578
DT,02398,0714,0758,0690,0576
DT,02396,0720,0742,0692,0576
DT,02394,0668,0670,0692,0576
DT,02390,0702,0674,0690,0576
DT,02387,0668,0662,0690,0576
DT,02383,0660,0712,0690,0576
DT,02381,0666,0666,0688,0578
DT,02380,0650,0768,0690,0578
DT,02378,0656,0666,0688,0578
DT,02376,0674,0698,0688,0578
DT,02374,0666,0662,0688,0578
DT,02367,0668,0678,0688,0580
DT,02365,0678,0690,0688,0580
DT,02363,0666,0718,0688,0578
DT,02361,0660,0656,0688,0580
DT,02359,0656,0660,0690,0580
DT,02358,0664,0680,0690,0580
DT,02356,0678,0658,0688,0580
DT,02354,0672,0722,0688,0580
DT,02352,0676,0684,0688,0584
DT,02350,0666,0748,0688,0580
DT,02348,0708,0704,0688,0584
DT,02347,0680,0656,0690,0584
DT,02345,0680,0656,0686,0584
DT,02343,0686,0658,0686,0580
DT,02339,0676,0670,0686,0580
DT,02337,0670,0682,0686,0586
DT,02336,0664,0824,0688,0586
DT,02332,0660,0700,0688,0586
DT,02330,0664,0758,0688,0586
DT,02328,0666,0694,0688,0586
DT,02327,0662,0648,0686,0588
DT,02325,0660,0666,0688,0592
DT,02323,0654,0656,0684,0596
DT,02321,0650,0660,0682,0594
DT,02319,0658,0660,0680,0598
DT,02317,0668,0664,0680,0602
DT,02316,0696,0668,0678,0618
DT,02314,0676,0660,0676,0602
DT,02308,0648,0670,0676,0602
DT,02306,0660,0736,0674,0610
DT,02303,0666,0690,0674,0610
DT,02301,0664,0668,0674,0610
DT,02299,0652,0690,0674,0602
DT,02297,0652,0674,0672,0598
DT,02295,0662,0678,0674,0594
DT,02292,0662,0706,0674,0598
DT,02290,0646,0668,0676,0628
DT,02286,0696,0676,0678,0618
DT,02284,0752,0666,0690,0594
DT,02282,0682,0674,0698,0596
DT,02281,0662,0712,0692,0592
DT,02279,0668,0762,0694,0588
DT,02277,0678,0738,0696,0590
DT,02275,0696,0746,0706,0594
DT,02273,0690,0678,0698,0594
DT,02271,0688,0746,0700,0594
DT,02270,0676,0672,0698,0594
DT,02268,0696,0680,0696,0600
DT,02266,0650,0670,0704,0594
DT,02264,0670,0714,0698,0594
DT,02262,0742,0676,0694,0630
DT,02260,0642,0750,0692,0588
DT,02259,0634,0662,0694,0586
DT,02257,0642,0672,0774,0610
DT,02255,0646,0684,0714,0614
DT,02253,0652,0666,0696,0586
DT,02251,0700,0694,0690,0576
DT,02249,0666,0658,0690,0576
DT,02247,0640,0660,0690,0572
DT,02246,0638,0668,0690,0572
DT,02244,0760,0658,0690,0570
DT,02242,0714,0670,0692,0570
DT,02240,0686,0678,0692,0572
DT,02238,0686,0678,0694,0576
DT,02236,0706,0682,0694,0576
DT,02235,0698,0724,0694,0570
DT,02233,0714,0670,0696,0568
DT,02231,0678,0662,0696,0568
DT,02229,0672,0656,0698,0566
DT,02227,0650,0708,0700,0566
DT,02226,0662,0656,0698,0566
DT,02224,0670,0648,0698,0568
DT,02222,0648,0648,0700,0566
DT,02220,0684,0652,0700,0566
DT,02218,0668,0648,0700,0566
DT,02216,0662,0648,0700,0564
DT,02213,0666,0722,0700,0564
DT,02211,0716,0726,0704,0568
DT,02209,0708,0648,0704,0568
DT,02207,0656,0652,0704,0564
DT,02205,0652,0680,0702,0564
DT,02204,0668,0668,0702,0564
DT,02200,0666,0652,0704,0566
DT,02198,0716,0662,0706,0564
DT,02196,0754,0658,0712,0566
DT,02194,0660,0652,0716,0564
DT,02192,0652,0660,0722,0568
DT,02191,0652,0646,0736,0568
DT,02189,0682,0638,0726,0568
DT,02187,0660,0644,0724,0570
DT,02185,0660,0654,0718,0570
DT,02183,0682,0656,0730,0570
DT,02180,0742,0652,0712,0572
DT,02178,0658,0662,0706,0572
DT,02176,0702,0660,0706,0574
DT,02174,0728,0710,0706,0572
DT,02172,0666,0670,0708,0574
DT,02170,0724,0666,0706,0572
DT,02169,0688,0648,0706,0574
DT,02167,0682,0640,0710,0572
DT,02165,0676,0642,0720,0576
DT,02163,0664,0692,0720,0578
DT,02161,0662,0646,0716,0582
DT,02159,0704,0650,0724,0578
DT,02158,0674,0698,0714,0576
DT,02156,0710,0654,0714,0576
DT,02154,0686,0644,0712,0576
DT,02152,0660,0642,0714,0576
DT,02150,0656,0648,0716,0578
DT,02148,0660,0672,0714,0578
DT,02146,0672,0694,0720,0578
DT,02145,0676,0650,0726,0576
DT,02141,0702,0662,0812,0576
DT,02139,0732,0728,0748,0576
DT,02137,0654,0658,0044,0578
DT,02136,0660,0656,0762,0582
DT,02134,0658,0674,0786,0602
DT,02132,0692,0670,0786,0586
DT,02130,0656,0692,0792,0582
DT,02128,0704,0672,0804,0590
DT,02126,0656,0676,0798,0602
DT,02124,0652,0650,0820,0586
DT,02123,0652,0666,0754,0584
DT,02121,0664,0668,0734,0586
DT,02119,0662,0674,0734,0586
DT,02117,0678,0674,0754,0588
DT,02113,0664,0648,0742,0588
DT,02112,0684,0660,0734,0582
DT,02110,0656,0646,0720,0582
DT,02106,0650,0658,0724,0582
DT,02104,0652,0686,0714,0582
DT,02102,0644,0652,0714,0582
DT,02100,0646,0654,0728,0582
DT,02098,0652,0660,0714,0586
DT,02097,0674,0670,0708,0584
DT,02095,0738,0648,0704,0584
DT,02093,0664,0646,0698,0582
DT,02091,0664,0644,0698,0584
DT,02089,0656,0650,0702,0590
DT,02087,0746,0652,0702,0590
DT,02086,0710,0658,0700,0584
DT,02082,0658,0660,0708,0582
DT,02080,0674,0656,0700,0586
DT,02078,0724,0664,0698,0582
DT,02077,0650,0660,0696,0582
DT,02075,0648,0704,0700,0582
DT,02073,0664,0666,0698,0582
DT,02071,0646,0664,0706,0582
DT,02069,0710,0652,0720,0586
DT,02067,0644,0654,0746,0586
DT,02066,0648,0664,0786,0586
DT,02064,0640,0748,0714,0584
DT,02062,0652,0720,0710,0580
DT,02058,0698,0670,0704,0584
DT,02056,0654,0662,0692,0586
DT,02055,0694,0668,0692,0588
DT,02053,0692,0664,0700,0590
DT,02049,0708,0658,0718,0590
DT,02047,0662,0664,0692,0602
DT,02045,0648,0776,0690,0588
DT,02044,0654,0670,0692,0588
DT,02042,0666,0674,0686,0594
DT,02038,0728,0680,0680,0592
DT,02036,0684,0678,0682,0590
DT,02034,0658,0692,0688,0590
DT,02033,0662,0718,0682,0590
DT,02029,0692,0676,0680,0594
DT,02027,0664,0666,0682,0598
DT,02025,0678,0684,0686,0600
DT,02023,0690,0678,0686,0604
DT,02022,0652,0776,0686,0606
DT,02020,0648,0750,0688,0608
DT,02018,0648,0702,0692,0608
DT,02016,0648,0748,0694,0598
DT,02013,0674,0686,0686,0590
DT,02011,0652,0738,0686,0582
DT,02009,0716,0684,0684,0580
DT,02007,0678,0690,0684,0580
DT,02003,0656,0682,0684,0578
DT,02000,0714,0810,0686,0576
DT,01998,0698,0664,0686,0578
DT,01996,0648,0660,0684,0578
DT,01994,0648,0680,0684,0578
DT,01992,0656,0780,0684,0578
DT,01990,0730,0694,0682,0578
DT,01989,0650,0686,0682,0578
DT,01987,0650,0664,0684,0578
DT,01985,0656,0696,0682,0578
DT,01983,0660,0686,0682,0578
DT,01980,0666,0798,0682,0578
DT,01978,0676,0712,0686,0576
DT,01976,0716,0838,0686,0578
DT,01972,0748,0672,0686,0578
DT,01970,0660,0716,0684,0578
DT,01969,0712,0700,0682,0578
DT,01967,0700,0700,0682,0580
DT,01965,0690,0684,0682,0580
DT,01961,0668,0670,0682,0580
DT,01959,0684,0784,0684,0580
DT,01958,0678,0690,0684,0580
DT,01956,0686,0680,0684,0582
DT,01954,0696,0672,0684,0582
DT,01952,0686,0748,0682,0582
DT,01950,0662,0648,0682,0582
DT,01948,0652,0658,0682,0584
DT,01946,0654,0794,0684,0584
DT,01943,0664,0672,0680,0590
DT,01941,0706,0712,0676,0586
DT,01939,0666,0724,0676,0588
DT,01937,0672,0724,0674,0592
DT,01935,0724,0670,0672,0594
DT,01934,0694,0650,0672,0596
DT,01932,0672,0650,0670,0596
DT,01930,0662,0650,0670,0598
DT,01928,0670,0658,0668,0602
DT,01926,0704,0664,0668,0608
DT,01925,0780,0660,0666,0618
DT,01923,0682,0676,0666,0608
DT,01921,0664,0660,0664,0604
DT,01919,0660,0748,0664,0604
DT,01917,0652,0756,0664,0606
DT,01915,0652,0742,0664,0606
DT,01914,0654,0668,0664,0606
DT,01912,0656,0814,0662,0602
DT,01908,0652,0648,0662,0602
DT,01906,0662,0648,0662,0604
DT,01902,0652,0646,0662,0604
DT,01901,0650,0760,0660,0602
DT,01899,0650,0670,0660,0604
DT,01897,0678,0654,0660,0604
DT,01895,0728,0652,0660,0600
DT,01893,0666,0662,0660,0600
DT,01891,0750,0668,0660,0602
DT,01890,0732,0656,0660,0604
DT,01888,0748,0660,0660,0604
DT,01886,0658,0658,0660,0604
DT,01884,0656,0658,0662,0604
DT,01882,0656,0674,0662,0608
DT,01881,0648,0914,0664,0604
DT,01879,0654,0666,0666,0602
DT,01877,0730,0672,0670,0602
DT,01875,0658,0696,0664,0600
DT,01873,0646,0660,0660,0600
DT,01870,0646,0660,0660,0602
DT,01868,0642,0666,0660,0600
DT,01866,0658,0762,0660,0602
DT,01864,0648,0744,0660,0602
DT,01862,0660,0728,0660,0602
DT,01861,0638,0816,0658,0602
DT,01859,0646,0664,0660,0598
DT,01857,0686,0674,0660,0602
DT,01855,0642,0728,0660,0602
DT,01853,0652,0672,0660,0600
DT,01851,0708,0666,0660,0600
DT,01849,0722,0678,0662,0600
DT,01848,0764,0688,0662,0600
DT,01846,0692,0694,0662,0598
DT,01844,0700,0708,0662,0598
DT,01842,0710,0682,0664,0598
DT,01840,0636,0668,0664,0598
DT,01838,0632,0670,0664,0596
DT,01837,0644,0780,0666,0596
DT,01835,0658,0822,0668,0596
DT,01831,0658,0684,0668,0596
DT,01829,0666,0670,0668,0594
DT,01827,0652,0692,0670,0592
DT,01826,0700,0696,0672,0592
DT,01824,0654,0728,0672,0590
DT,01820,0690,0738,0678,0588
DT,01818,0724,0674,0682,0586
DT,01816,0648,0670,0688,0584
DT,01813,0650,0682,0686,0584
DT,01811,0670,0750,0680,0584
DT,01809,0644,0674,0682,0582
DT,01807,0692,0704,0682,0580
DT,01805,0656,0734,0682,0580
DT,01803,0674,0708,0686,0580
DT,01802,0644,0674,0686,0578
DT,01800,0684,0688,0688,0578
DT,01798,0644,0676,0686,0578
DT,01796,0670,0672,0686,0578
DT,01794,0648,0688,0686,0578
DT,01792,0648,0830,0690,0576
DT,01791,0690,0684,0698,0576
DT,01789,0652,0680,0694,0576
DT,01787,0682,0666,0690,0576
DT,01785,0648,0674,0690,0576
DT,01783,0644,0668,0686,0576
DT,01781,0648,0680,0686,0578
DT,01780,0650,0768,0688,0576
DT,01778,0666,0682,0690,0576
DT,01776,0664,0732,0690,0580
DT,01774,0664,0658,0688,0584
DT,01772,0668,0710,0686,0586
DT,01771,0672,0696,0686,0584
DT,01767,0692,0776,0684,0584
DT,01765,0670,0658,0682,0588
DT,01763,0668,0766,0682,0586
DT,01761,0672,0654,0680,0588
DT,01760,0660,0828,0680,0586
DT,01758,0688,0800,0680,0586
DT,01756,0662,0678,0678,0588
DT,01754,0696,0670,0678,0588
DT,01750,0672,0654,0678,0586
DT,01747,0658,0650,0678,0588
DT,01745,0674,0686,0676,0590
DT,01743,0700,0788,0676,0590
DT,01741,0726,0646,0676,0588
DT,01736,0682,0644,0672,0588
DT,01734,0662,0664,0674,0588
DT,01732,0672,0686,0670,0588
DT,01730,0662,0660,0672,0590
DT,01728,0658,0644,0672,0590
DT,01727,0670,0658,0672,0590
DT,01725,0668,0662,0672,0590
DT,01723,0660,0648,0670,0590
DT,01721,0668,0666,0670,0592
DT,01719,0662,0658,0668,0594
DT,01717,0670,0654,0668,0594
DT,01715,0664,0642,0666,0594
DT,01714,0658,0646,0666,0596
DT,01712,0658,0654,0666,0600
DT,01710,0654,0654,0664,0602
DT,01708,0648,0642,0660,0602
DT,01706,0648,0646,0658,0602
DT,01704,0650,0644,0656,0602
DT,01702,0648,0640,0656,0606
DT,01701,0648,0638,0654,0612
DT,01699,0646,0636,0654,0616
DT,01697,0644,0634,0652,0616
DT,01695,0646,0634,0652,0628
DT,01693,0650,0640,0652,0618
DT,01691,0650,0642,0652,0616
DT,01689,0646,0642,0650,0616
DT,01688,0648,0644,0650,0616
DT,01686,0644,0656,0650,0616
DT,01684,0638,0646,0648,0616
DT,01682,0640,0640,0648,0618
DT,01680,0640,0638,0648,0624
DT,01679,0652,0638,0646,0622
DT,01677,0648,0646,0646,0618
DT,01675,0642,0644,0646,0618
DT,01673,0640,0644,0646,0624
DT,01671,0630,0654,0644,0626
DT,01669,0628,0648,0644,0620
DT,01668,0628,0644,0646,0618
DT,01666,0632,0644,0646,0616
DT,01664,0642,0646,0644,0614
DT,01662,0642,0650,0646,0616
DT,01660,0638,0650,0646,0616
DT,01659,0642,0652,0646,0614
DT,01657,0640,0654,0648,0612
DT,01655,0636,0658,0650,0614
DT,01653,0636,0660,0652,0614
DT,01651,0632,0666,0652,0614
DT,01649,0636,0670,0654,0610
DT,01647,0634,0674,0656,0608
DT,01646,0634,0676,0660,0606
DT,01644,0634,0706,0658,0606
DT,01642,0634,0694,0658,0604
DT,01640,0634,0688,0658,0604
DT,01638,0634,0738,0662,0604
DT,01636,0638,0680,0670,0606
DT,01635,0634,0684,0666,0604
DT,01629,0640,0768,0670,0604
DT,01627,0640,0678,0668,0608
DT,01626,0644,0698,0666,0612
DT,01624,0662,0724,0666,0608
DT,01622,0662,0784,0676,0610
DT,01620,0758,0726,0688,0610
DT,01618,0666,0696,0692,0602
DT,01616,0660,0744,0688,0596
DT,01615,0716,0680,0676,0594
DT,01613,0680,0676,0672,0594
DT,01611,0652,0660,0670,0594
DT,01609,0650,0664,0670,0592
DT,01607,0668,0668,0670,0590
DT,01605,0682,0664,0674,0590
DT,01603,0730,0702,0676,0592
DT,01602,0708,0664,0674,0592
DT,01600,0656,0670,0674,0590
DT,01598,0658,0722,0676,0590
DT,01594,0696,0672,0676,0590
DT,01592,0676,0668,0674,0590
DT,01589,0674,0664,0674,0592
DT,01587,0766,0662,0676,0592
DT,01585,0716,0670,0676,0590
DT,01583,0666,0680,0676,0592
DT,01581,0658,0718,0676,0592
DT,01580,0656,0678,0676,0590
DT,01578,0658,0688,0674,0590
DT,01576,0708,0690,0674,0590
DT,01574,0678,0658,0674,0590
DT,01569,0668,0650,0676,0590
DT,01567,0694,0638,0678,0590
DT,01565,0658,0656,0678,0590
DT,01563,0676,0654,0680,0588
DT,01561,0666,0646,0680,0590
DT,01560,0666,0674,0684,0588
DT,01558,0700,0646,0696,0588
DT,01556,0692,0644,0686,0588
DT,01554,0686,0654,0686,0584
DT,01552,0676,0670,0684,0586
DT,01550,0678,0658,0682,0584
DT,01549,0672,0660,0680,0584
DT,01547,0692,0646,0682,0588
DT,01545,0682,0638,0682,0592
DT,01543,0678,0678,0680,0592
DT,01541,0672,0636,0678,0596
DT,01539,0676,0636,0672,0600
DT,01538,0696,0644,0674,0608
DT,01536,0688,0712,0672,0608
DT,01534,0690,0644,0672,0608
DT,01532,0698,0628,0672,0606
DT,01530,0676,0630,0670,0606
DT,01529,0676,0632,0680,0616
DT,01525,0684,0640,0674,0614
DT,01523,0676,0632,0688,0606
DT,01521,0682,0640,0674,0606
DT,01519,0700,0678,0672,0610
DT,01516,0760,0644,0672,0612
DT,01514,0664,0620,0666,0612
DT,01512,0666,0618,0664,0610
DT,01510,0664,0622,0664,0610
DT,01508,0662,0626,0662,0616
DT,01507,0664,0628,0662,0612
DT,01505,0678,0624,0662,0612
DT,01503,0694,0628,0660,0614
DT,01501,0736,0634,0660,0610
DT,01497,0678,0646,0660,0610
DT,01495,0698,0632,0656,0614
DT,01494,0662,0636,0658,0614
DT,01492,0658,0636,0666,0614
DT,01490,0658,0642,0662,0614
DT,01486,0664,0642,0662,0608
DT,01484,0668,0642,0656,0608
DT,01483,0660,0640,0656,0612
DT,01481,0656,0638,0654,0608
DT,01479,0650,0640,0652,0608
DT,01477,0650,0642,0652,0608
DT,01475,0648,0638,0656,0608
DT,01474,0644,0640,0654,0610
DT,01470,0644,0642,0652,0610
DT,01468,0642,0640,0648,0614
DT,01466,0646,0638,0648,0620
DT,01464,0646,0640,0646,0614
DT,01461,0644,0642,0646,0614
DT,01457,0642,0640,0646,0614
DT,01453,0640,0638,0646,0612
DT,01451,0640,0646,0646,0610
DT,01450,0646,0646,0646,0612
DT,01446,0646,0650,0646,0612
DT,01444,0644,0654,0648,0612
DT,01442,0642,0654,0650,0612
DT,01440,0638,0660,0652,0612
DT,01439,0638,0688,0654,0610
DT,01437,0634,0666,0652,0610
DT,01435,0634,0660,0656,0612
DT,01433,0636,0666,0664,0614
DT,01431,0640,0812,0674,0616
DT,01430,0636,0738,0668,0614
DT,01426,0636,0678,0664,0624
DT,01424,0636,0678,0668,0612
DT,01422,0636,0670,0672,0612
DT,01419,0636,0678,0686,0610
DT,01417,0634,0824,0668,0612
DT,01415,0638,0674,0668,0614
DT,01413,0638,0668,0668,0610
DT,01411,0636,0676,0666,0606
DT,01408,0640,0730,0660,0606
DT,01406,0644,0712,0654,0610
DT,01404,0658,0730,0652,0614
DT,01402,0726,0766,0654,0614
DT,01398,0658,0788,0656,0606
DT,01395,0682,0676,0660,0602
DT,01393,0650,0768,0660,0598
DT,01391,0662,0746,0660,0596
DT,01389,0792,0804,0662,0596
DT,01387,0686,0736,0662,0596
DT,01386,0694,0672,0664,0594
DT,01384,0724,0672,0664,0594
DT,01382,0702,0792,0668,0592
DT,01380,0660,0746,0666,0592
DT,01378,0672,0748,0664,0592
DT,01376,0710,0668,0668,0592
DT,01375,0758,0660,0670,0592
DT,01371,0702,0684,0672,0592
DT,01369,0718,0726,0672,0592
DT,01365,0676,0812,0670,0592
DT,01364,0714,0676,0668,0592
DT,01362,0682,0746,0668,0592
DT,01360,0670,0684,0668,0596
DT,01358,0676,0660,0668,0596
DT,01356,0686,0664,0670,0596
DT,01354,0756,0672,0670,0596
DT,01353,0686,0662,0672,0596
DT,01351,0668,0738,0676,0594
DT,01345,0658,0650,0672,0592
DT,01343,0674,0666,0668,0594
DT,01341,0670,0652,0668,0596
DT,01340,0678,0650,0670,0596
DT,01338,0696,0658,0672,0596
DT,01336,0698,0814,0688,0598
DT,01332,0678,0682,0682,0596
DT,01331,0694,0824,0686,0598
DT,01329,0682,0750,0678,0598
DT,01327,0678,0652,0674,0596
DT,01325,0680,0648,0676,0596
DT,01323,0686,0696,0678,0594
DT,01321,0698,0688,0686,0596
DT,01320,0708,0676,0686,0594
DT,01318,0680,0684,0686,0596
DT,01314,0734,0662,0690,0596
DT,01312,0702,0636,0678,0594
DT,01309,0674,0636,0676,0596
DT,01307,0754,0640,0672,0604
DT,01305,0746,0638,0668,0600
DT,01303,0690,0634,0668,0600
DT,01301,0672,0636,0668,0598
DT,01299,0678,0634,0668,0598
DT,01296,0662,0634,0670,0598
DT,01294,0672,0634,0670,0602
DT,01292,0672,0634,0676,0606
DT,01290,0662,0640,0684,0610
DT,01288,0664,0646,0672,0604
DT,01287,0654,0646,0664,0604
DT,01285,0652,0648,0664,0604
DT,01283,0660,0656,0666,0604
DT,01281,0664,0648,0668,0604
DT,01279,0654,0640,0664,0604
DT,01277,0646,0642,0660,0606
DT,01276,0654,0646,0656,0606
DT,01272,0650,0650,0654,0610
DT,01270,0652,0648,0654,0620
DT,01268,0650,0646,0654,0620
DT,01266,0648,0646,0652,0618
DT,01265,0646,0642,0652,0618
DT,01263,0646,0646,0652,0612
DT,01261,0646,0646,0650,0610
DT,01257,0648,0642,0650,0608
DT,01255,0636,0640,0652,0608
DT,01254,0632,0640,0654,0610
DT,01252,0634,0642,0654,0614
DT,01250,0632,0644,0652,0616
DT,01246,0630,0648,0650,0616
DT,01244,0626,0652,0646,0618
DT,01241,0626,0648,0644,0618
DT,01239,0626,0646,0642,0618
DT,01237,0626,0646,0642,0620
DT,01235,0624,0652,0640,0624
DT,01233,0624,0650,0640,0630
DT,01231,0624,0656,0640,0634
DT,01230,0626,0652,0638,0630
DT,01228,0626,0652,0638,0634
DT,01226,0626,0656,0640,0634
DT,01224,0626,0662,0640,0634
DT,01221,0630,0662,0640,0648
DT,01219,0630,0660,0644,0638
DT,01217,0630,0664,0652,0638
DT,01213,0630,0710,0662,0638
DT,01211,0626,0660,0654,0644
DT,01210,0626,0664,0654,0646
DT,01208,0630,0668,0654,0654
DT,01206,0632,0666,0656,0708
DT,01204,0634,0664,0654,0690
DT,01202,0634,0660,0658,0688
DT,01200,0644,0660,0654,0670
DT,01198,0636,0670,0652,0660
DT,01195,0642,0682,0648,0662
DT,01191,0642,0658,0648,0656
DT,01189,0642,0652,0650,0646
DT,01187,0640,0652,0650,0656
DT,01186,0654,0648,0650,0656
DT,01182,0656,0646,0650,0644
DT,01178,0644,0640,0652,0640
DT,01177,0668,0640,0652,0644
DT,01175,0660,0636,0650,0632
DT,01173,0656,0636,0654,0622
DT,01171,0660,0636,0652,0620
DT,01169,0644,0638,0652,0614
DT,01167,0644,0638,0654,0612
DT,01164,0686,0638,0654,0610
DT,01162,0664,0646,0658,0608
DT,01160,0652,0646,0660,0606
DT,01158,0658,0646,0664,0606
DT,01156,0688,0650,0668,0606
DT,01154,0756,0646,0668,0604
DT,01153,0652,0654,0668,0612
DT,01151,0696,0694,0668,0602
DT,01149,0670,0674,0670,0598
DT,01147,0712,0748,0672,0596
DT,01145,0756,0672,0678,0596
DT,01143,0662,0654,0680,0594
DT,01141,0654,0652,0680,0594
DT,01140,0654,0658,0686,0594
DT,01138,0662,0654,0690,0594
DT,01136,0644,0664,0692,0592
DT,01134,0656,0684,0694,0590
DT,01132,0658,0662,0698,0592
DT,01131,0658,0670,0712,0592
DT,01129,0744,0688,0698,0592
DT,01127,0678,0686,0694,0590
DT,01125,0694,0690,0692,0586
DT,01121,0650,0676,0686,0586
DT,01120,0672,0698,0682,0588
DT,01118,0660,0656,0680,0586
DT,01116,0654,0656,0678,0588
DT,01114,0654,0690,0680,0588
DT,01112,0654,0664,0680,0588
DT,01110,0654,0676,0682,0588
DT,01109,0656,0700,0680,0588
DT,01107,0666,0702,0680,0588
DT,01105,0666,0648,0680,0586
DT,01103,0652,0644,0680,0588
DT,01101,0710,0644,0680,0586
DT,01099,0654,0648,0682,0588
DT,01097,0652,0642,0684,0588
DT,01096,0662,0640,0684,0588
DT,01094,0682,0636,0688,0590
DT,01092,0662,0638,0692,0590
DT,01090,0650,0638,0698,0590
DT,01088,0656,0640,0704,0592
DT,01086,0662,0644,0708,0594
DT,01085,0680,0646,0704,0596
DT,01083,0678,0646,0700,0598
DT,01081,0692,0652,0704,0600
DT,01077,0662,0660,0698,0606
DT,01076,0662,0684,0690,0612
DT,01074,0652,0696,0684,0612
DT,01072,0650,0682,0680,0616
DT,01070,0650,0694,0674,0620
DT,01066,0650,0690,0668,0626
DT,01065,0648,0690,0660,0644
DT,01063,0648,0688,0660,0658
DT,01061,0646,0688,0662,0682
DT,01059,0646,0688,0666,0684
DT,01055,0646,0688,0668,0686
DT,01054,0644,0688,0666,0684
DT,01052,0644,0686,0666,0680
DT,01050,0644,0686,0670,0680
DT,01048,0644,0686,0674,0680
DT,01046,0644,0686,0670,0680
DT,01044,0642,0686,0670,0678
DT,01042,0644,0688,0670,0678
DT,01041,0644,0686,0672,0678
DT,01039,0644,0686,0672,0678
DT,01037,0644,0684,0672,0680
DT,01035,0644,0684,0670,0676
DT,01033,0642,0684,0668,0678
DT,01032,0642,0684,0666,0676
DT,01030,0644,0684,0666,0678
DT,01028,0644,0684,0664,0678
DT,01026,0644,0684,0664,0676
DT,01021,0644,0686,0662,0676
DT,01019,0644,0684,0664,0676
DT,01017,0648,0686,0664,0676
DT,01015,0646,0688,0666,0676
DT,01013,0644,0686,0666,0676
DT,01011,0648,0690,0668,0676
DT,01009,0646,0686,0662,0676
DT,01008,0646,0686,0664,0676
DT,01006,0646,0690,0664,0676
DT,01004,0646,0690,0666,0676
DT,01002,0646,0688,0668,0674
DT,01000,0646,0684,0664,0674
DT,00998,0646,0684,0668,0674
DT,00996,0646,0684,0668,0674
DT,00995,0648,0684,0666,0672
DT,00993,0646,0684,0662,0672
DT,00991,0646,0684,0658,0674
DT,00989,0646,0684,0658,0674
DT,00987,0646,0684,0656,0672
DT,00985,0646,0682,0660,0672
DT,00984,0646,0680,0660,0672
DT,00982,0648,0680,0660,0670
DT,00980,0646,0680,0656,0672
DT,00978,0646,0680,0656,0672
DT,00976,0646,0680,0656,0670
DT,00975,0648,0678,0654,0670
DT,00973,0646,0680,0656,0670
DT,00969,0646,0678,0656,0672
DT,00967,0648,0678,0656,0672
DT,00965,0648,0680,0656,0672
DT,00963,0646,0678,0656,0670
DT,00962,0650,0678,0656,0672
DT,00960,0648,0678,0656,0670
DT,00956,0648,0678,0656,0670
DT,00954,0648,0678,0656,0670
DT,00952,0648,0678,0656,0670
DT,00951,0648,0676,0656,0670
DT,00949,0648,0678,0656,0672
DT,00947,0648,0678,0656,0672
DT,00945,0648,0678,0656,0670
DT,00943,0648,0678,0656,0672
DT,00941,0648,0678,0656,0670
DT,00938,0648,0678,0658,0670
DT,00936,0648,0678,0660,0672
DT,00934,0648,0676,0660,0670
DT,00932,0648,0678,0656,0672
DT,00929,0648,0678,0660,0670
DT,00927,0648,0678,0656,0670
DT,00925,0646,0678,0656,0670
DT,00923,0648,0676,0656,0670
DT,00921,0648,0678,0656,0670
DT,00919,0646,0678,0660,0670
DT,00918,0648,0676,0660,0672
DT,00916,0646,0676,0658,0670
DT,00914,0648,0678,0656,0670
DT,00912,0646,0676,0656,0670
DT,00910,0646,0676,0656,0670
DT,00908,0646,0676,0658,0672
DT,00906,0646,0678,0656,0670
DT,00905,0646,0676,0660,0670
DT,00903,0646,0676,0656,0670
DT,00901,0648,0676,0660,0670
DT,00899,0646,0676,0658,0670
DT,00897,0646,0676,0660,0670
DT,00895,0646,0674,0656,0670
DT,00893,0646,0676,0658,0670
DT,00892,0648,0678,0656,0670
DT,00888,0646,0678,0656,0670
DT,00886,0644,0676,0660,0670
DT,00884,0644,0676,0660,0670
DT,00883,0646,0674,0660,0670
DT,00881,0646,0674,0658,0670
DT,00879,0644,0672,0658,0668
DT,00877,0644,0674,0658,0666
DT,00875,0646,0672,0658,0666
DT,00873,0646,0672,0658,0668
DT,00872,0646,0672,0656,0670
DT,00870,0646,0672,0656,0668
DT,00868,0646,0672,0656,0666
DT,00866,0646,0672,0652,0668
DT,00864,0646,0674,0654,0668
DT,00862,0646,0672,0654,0670
DT,00861,0646,0672,0654,0670
DT,00857,0646,0674,0656,0670
DT,00855,0648,0676,0658,0668
DT,00853,0646,0676,0656,0670
DT,00851,0648,0678,0658,0670
DT,00849,0648,0676,0658,0670
DT,00848,0646,0676,0658,0670
DT,00844,0644,0676,0658,0672
DT,00842,0648,0676,0656,0672
DT,00840,0646,0676,0654,0672
DT,00838,0648,0676,0654,0670
DT,00837,0648,0676,0656,0674
DT,00835,0648,0678,0656,0674
DT,00833,0648,0678,0654,0674
DT,00829,0646,0676,0656,0674
DT,00827,0646,0674,0660,0674
DT,00826,0646,0674,0658,0672
DT,00824,0644,0674,0654,0670
DT,00822,0644,0674,0654,0670
DT,00818,0646,0672,0654,0670
DT,00815,0646,0674,0654,0670
DT,00813,0646,0674,0652,0670
DT,00811,0646,0674,0654,0670
DT,00809,0646,0674,0654,0670
DT,00807,0644,0672,0654,0670
DT,00805,0646,0674,0654,0670
DT,00803,0646,0674,0654,0670
DT,00802,0646,0674,0654,0670
DT,00800,0646,0672,0654,0670
DT,00798,0646,0674,0654,0670
DT,00796,0646,0672,0654,0670
DT,00794,0646,0672,0654,0670
DT,00792,0646,0674,0654,0670
DT,00790,0646,0672,0654,0670
DT,00789,0646,0674,0654,0670
DT,00787,0646,0672,0654,0670
DT,00785,0644,0672,0654,0670
DT,00783,0644,0672,0654,0670
DT,00781,0646,0672,0654,0670
DT,00780,0646,0674,0654,0670
DT,00778,0646,0674,0654,0670
DT,00774,0646,0674,0654,0670
DT,00772,0646,0674,0654,0670
DT,00770,0646,0672,0654,0670
DT,00769,0646,0672,0656,0670
DT,00767,0646,0674,0654,0670
DT,00763,0646,0672,0654,0670
DT,00761,0646,0674,0654,0670
DT,00759,0646,0672,0656,0672
DT,00757,0646,0674,0654,0672
DT,00755,0646,0672,0654,0670
DT,00753,0646,0674,0654,0670
DT,00750,0646,0674,0654,0670
DT,00748,0646,0674,0654,0672
DT,00746,0644,0672,0654,0672
DT,00744,0646,0672,0654,0672
DT,00742,0644,0672,0654,0670
DT,00738,0644,0674,0654,0670
DT,00736,0646,0672,0654,0674
DT,00734,0646,0672,0654,0672
DT,00731,0646,0672,0652,0672
DT,00727,0646,0672,0654,0670
DT,00725,0646,0672,0654,0672
DT,00723,0646,0672,0652,0674
DT,00721,0646,0672,0654,0674
DT,00719,0646,0672,0652,0672
DT,00716,0646,0674,0652,0674
DT,00714,0646,0672,0654,0674
DT,00712,0646,0672,0652,0672
DT,00710,0644,0672,0654,0672
DT,00708,0646,0672,0654,0674
DT,00706,0646,0672,0654,0672
DT,00704,0646,0672,0654,0672
DT,00701,0644,0672,0654,0672
DT,00699,0646,0672,0654,0674
DT,00697,0646,0672,0652,0674
DT,00695,0646,0672,0652,0674
DT,00690,0646,0672,0654,0670
DT,00688,0646,0674,0652,0674
DT,00686,0646,0672,0652,0672
DT,00684,0646,0674,0652,0674
DT,00682,0646,0674,0652,0674
DT,00678,0648,0674,0652,0674
DT,00675,0648,0676,0654,0674
DT,00671,0648,0676,0652,0674
DT,00669,0646,0674,0652,0672
DT,00667,0648,0674,0652,0672
DT,00665,0646,0672,0652,0672
DT,00663,0648,0674,0652,0672
DT,00660,0648,0672,0652,0672
DT,00658,0644,0672,0652,0670
DT,00656,0648,0672,0652,0670
DT,00654,0648,0670,0652,0670
DT,00650,0648,0674,0652,0670
DT,00647,0648,0670,0652,0670
DT,00645,0648,0670,0652,0670
DT,00643,0648,0672,0652,0670
DT,00641,0648,0670,0652,0670
DT,00639,0648,0670,0652,0670
DT,00637,0646,0670,0652,0670
DT,00632,0650,0672,0652,0670
DT,00630,0650,0668,0652,0670
DT,00628,0648,0672,0652,0668
DT,00626,0650,0670,0652,0666
DT,00624,0646,0670,0652,0670
DT,00622,0650,0672,0652,0670
DT,00619,0648,0672,0652,0670
DT,00617,0650,0672,0652,0670
DT,00615,0650,0672,0652,0670
DT,00613,0650,0672,0652,0670
DT,00611,0650,0672,0652,0670
DT,00609,0650,0672,0652,0670
DT,00606,0648,0672,0652,0672
DT,00604,0650,0672,0652,0672
DT,00602,0650,0672,0652,0670
DT,00600,0650,0674,0652,0670
DT,00598,0650,0672,0652,0670
DT,00596,0650,0676,0652,0670
DT,00593,0648,0672,0650,0670
DT,00591,0650,0672,0652,0670
DT,00589,0650,0674,0652,0670
DT,00587,0650,0672,0652,0670
DT,00585,0646,0674,0650,0670
DT,00581,0650,0672,0652,0670
DT,00578,0650,0672,0652,0670
DT,00576,0650,0674,0650,0670
DT,00574,0650,0672,0650,0666
DT,00572,0650,0670,0650,0668
DT,00570,0648,0672,0650,0666
DT,00568,0650,0670,0650,0666
DT,00565,0650,0672,0650,0666
DT,00563,0650,0672,0650,0666
DT,00561,0650,0674,0650,0666
DT,00559,0650,0674,0650,0666
DT,00557,0650,0674,0650,0666
DT,00555,0650,0674,0652,0666
DT,00552,0650,0672,0650,0666
DT,00550,0650,0674,0650,0668
DT,00548,0650,0672,0652,0666
DT,00546,0650,0674,0652,0666
DT,00544,0650,0670,0652,0666
DT,00542,0650,0672,0652,0668
DT,00539,0650,0670,0652,0666
DT,00537,0650,0672,0652,0668
DT,00535,0650,0672,0652,0668
DT,00533,0650,0672,0652,0668
DT,00531,0652,0674,0652,0666
DT,00529,0650,0672,0652,0666
DT,00527,0650,0672,0652,0666
DT,00524,0650,0672,0652,0666
DT,00520,0652,0672,0652,0666
DT,00518,0652,0672,0652,0664
DT,00516,0652,0672,0652,0666
DT,00514,0652,0670,0652,0666
DT,00509,0652,0670,0652,0666
DT,00507,0652,0670,0652,0666
DT,00503,0652,0670,0652,0666
DT,00501,0652,0670,0652,0664
DT,00498,0652,0668,0652,0666
DT,00496,0652,0668,0652,0666
DT,00494,0652,0668,0652,0666
DT,00492,0654,0668,0652,0664
DT,00490,0654,0668,0652,0664
DT,00488,0654,0668,0652,0662
DT,00486,0652,0668,0652,0666
DT,00483,0652,0668,0652,0666
DT,00481,0654,0670,0652,0666
DT,00479,0654,0668,0652,0664
DT,00477,0652,0668,0652,0662
DT,00475,0654,0668,0652,0666
DT,00473,0654,0668,0652,0664
DT,00470,0654,0668,0652,0664
DT,00468,0652,0668,0652,0664
DT,00466,0654,0670,0654,0664
DT,00464,0654,0670,0656,0664
DT,00462,0654,0666,0654,0662
DT,00460,0654,0668,0654,0664
DT,00457,0654,0668,0654,0664
DT,00455,0654,0668,0656,0664
DT,00453,0654,0666,0654,0664
DT,00451,0654,0666,0654,0664
DT,00449,0654,0666,0656,0664
DT,00447,0654,0668,0656,0662
DT,00442,0654,0668,0654,0662
DT,00440,0654,0666,0656,0662
DT,00438,0654,0668,0656,0662
DT,00434,0654,0666,0656,0662
DT,00432,0654,0666,0656,0664
DT,00429,0654,0666,0656,0664
DT,00427,0654,0666,0658,0664
DT,00425,0654,0666,0656,0662
DT,00423,0654,0666,0658,0664
DT,00421,0654,0666,0658,0664
DT,00416,0654,0666,0656,0664
DT,00414,0656,0668,0656,0664
DT,00412,0656,0668,0656,0664
DT,00410,0654,0666,0658,0664
DT,00408,0654,0666,0662,0664
DT,00406,0654,0666,0662,0664
DT,00404,0654,0666,0660,0664
DT,00399,0654,0666,0656,0664
DT,00397,0654,0666,0656,0664
DT,00395,0654,0666,0656,0664
DT,00393,0654,0666,0656,0664
DT,00390,0654,0666,0656,0664
DT,00388,0654,0666,0656,0662
DT,00386,0654,0666,0656,0664
DT,00384,0654,0666,0656,0664
DT,00380,0654,0666,0656,0664
DT,00378,0654,0666,0658,0664
DT,00376,0654,0666,0658,0668
DT,00373,0654,0666,0658,0666
DT,00371,0654,0664,0656,0666
DT,00369,0656,0664,0658,0668
DT,00367,0654,0664,0658,0666
DT,00363,0654,0664,0658,0666
DT,00360,0656,0664,0658,0666
DT,00358,0656,0664,0658,0664
DT,00356,0656,0664,0658,0666
DT,00354,0656,0664,0658,0666
DT,00352,0656,0664,0658,0666
DT,00349,0656,0664,0658,0666
DT,00347,0656,0664,0658,0666
DT,00345,0656,0664,0658,0666
DT,00343,0656,0664,0658,0666
DT,00341,0656,0664,0658,0666
DT,00339,0658,0662,0658,0666
DT,00336,0658,0662,0658,0666
DT,00334,0658,0662,0656,0666
DT,00332,0658,0662,0656,0666
DT,00330,0658,0662,0658,0666
DT,00328,0658,0662,0656,0666
DT,00326,0658,0662,0656,0666
DT,00324,0658,0662,0656,0666
DT,00321,0658,0662,0656,0666
DT,00319,0658,0662,0658,0666
DT,00317,0658,0662,0658,0662
DT,00315,0658,0662,0658,0660
DT,00313,0658,0662,0658,0666
DT,00311,0658,0662,0658,0666
DT,00308,0658,0662,0658,0666
DT,00306,0656,0662,0658,0662
DT,00302,0656,0662,0658,0666
DT,00300,0656,0662,0658,0666
DT,00298,0658,0662,0662,0666
DT,00295,0656,0662,0662,0666
DT,00293,0658,0662,0662,0668
DT,00291,0658,0662,0662,0670
DT,00287,0660,0662,0662,0668
DT,00285,0658,0662,0662,0668
DT,00282,0658,0660,0662,0670
DT,00280,0654,0660,0662,0670
DT,00278,0658,0660,0660,0668
DT,00276,0658,0660,0662,0666
DT,00274,0658,0662,0662,0666
DT,00272,0658,0662,0662,0668
DT,00270,0658,0662,0662,0666
DT,00267,0658,0662,0662,0668
DT,00265,0658,0660,0662,0666
DT,00263,0658,0660,0662,0666
DT,00261,0658,0660,0660,0664
DT,00259,0660,0658,0660,0664
DT,00257,0662,0658,0658,0664
DT,00254,0660,0660,0660,0664
DT,00252,0658,0660,0660,0666
DT,00250,0658,0656,0662,0668
DT,00248,0658,0660,0660,0668
DT,00246,0658,0658,0660,0664
DT,00244,0658,0658,0658,0662
DT,00241,0658,0658,0658,0662
DT,00239,0658,0658,0658,0666
DT,00237,0658,0658,0658,0666
DT,00235,0658,0660,0658,0664
DT,00231,0658,0656,0658,0662
DT,00229,0660,0656,0658,0662
DT,00226,0660,0656,0658,0664
DT,00224,0658,0658,0658,0662
DT,00222,0658,0656,0658,0662
DT,00220,0660,0658,0658,0664
DT,00218,0660,0656,0658,0664
DT,00216,0660,0656,0658,0664
DT,00213,0660,0656,0658,0664
DT,00211,0660,0658,0658,0664
DT,00209,0660,0656,0656,0664
DT,00205,0660,0658,0658,0664
DT,00203,0660,0658,0656,0664
DT,00200,0660,0658,0656,0664
DT,00198,0662,0660,0656,0664
DT,00196,0660,0660,0658,0664
DT,00194,0662,0660,0656,0664
DT,00192,0660,0658,0656,0664
DT,00189,0660,0660,0656,0664
DT,00187,0660,0658,0658,0664
DT,00185,0660,0658,0658,0666
DT,00183,0660,0660,0658,0666
DT,00179,0660,0660,0658,0664
DT,00177,0662,0660,0658,0664
DT,00174,0662,0660,0658,0664
DT,00172,0660,0660,0658,0666
DT,00170,0660,0660,0658,0666
DT,00168,0660,0660,0658,0664
DT,00164,0660,0660,0658,0664
DT,00161,0660,0660,0660,0668
DT,00159,0662,0660,0660,0668
DT,00155,0660,0660,0660,0664
DT,00153,0660,0660,0660,0666
DT,00151,0660,0660,0656,0668
DT,00146,0660,0660,0660,0668
DT,00144,0660,0658,0656,0668
DT,00142,0660,0658,0658,0666
DT,00140,0660,0660,0656,0668
DT,00138,0660,0658,0660,0668
DT,00135,0662,0658,0656,0668
DT,00133,0660,0658,0658,0668
DT,00131,0662,0658,0656,0668
DT,00129,0662,0658,0656,0668
DT,00127,0660,0658,0660,0668
DT,00125,0662,0656,0656,0668
DT,00123,0660,0658,0656,0668
DT,00120,0662,0658,0656,0668
DT,00118,0662,0658,0660,0666
DT,00116,0662,0658,0656,0668
DT,00114,0660,0658,0656,0668
DT,00112,0662,0656,0660,0668
DT,00110,0660,0658,0656,0668
DT,00107,0662,0658,0658,0668
DT,00105,0662,0658,0656,0668
DT,00103,0662,0658,0660,0668
DT,00101,0662,0658,0656,0668
DT,00099,0664,0658,0656,0668
DT,00097,0662,0658,0656,0668
DT,00093,0662,0658,0656,0668
DT,00091,0664,0658,0656,0666
DT,00091,0664,0658,0656,0668
DT,00090,0664,0658,0658,0668
DT,00089,0662,0658,0656,0668
DT,00088,0664,0658,0658,0670
DT,00086,0664,0658,0656,0668
DT,00085,0662,0658,0660,0668
DT,00083,0664,0658,0658,0670
DT,00082,0664,0658,0658,0668
DT,00081,0664,0658,0658,0668
DT,00079,0664,0658,0660,0668
DT,00078,0664,0658,0658,0668
DT,00077,0664,0658,0660,0670
DT,00076,0664,0658,0660,0668
DT,00074,0664,0658,0658,0668
DT,00073,0666,0658,0660,0670
DT,00072,0664,0658,0660,0668
DT,00070,0664,0658,0658,0668
DT,00069,0664,0658,0658,0670
DT,00068,0664,0658,0660,0668
DT,00065,0664,0658,0658,0668
DT,00062,0664,0658,0658,0670
DT,00059,0664,0658,0658,0670
DT,00058,0666,0658,0662,0670
DT,00057,0668,0658,0662,0670
DT,00055,0664,0658,0662,0670
DT,00054,0666,0658,0660,0670
DT,00053,0664,0658,0660,0672
DT,00051,0666,0660,0660,0672
DT,00050,0666,0658,0660,0672
DT,00049,0668,0660,0660,0672
DT,00047,0668,0660,0662,0672
DT,00046,0670,0658,0662,0672
DT,00045,0668,0658,0660,0672
DT,00043,0668,0660,0664,0672
DT,00042,0668,0658,0664,0672
DT,00041,0664,0658,0664,0672
DT,00039,0668,0658,0664,0672
DT,00038,0664,0660,0666,0674
DT,00037,0668,0660,0668,0674
DT,00035,0668,0658,0664,0674
DT,00034,0668,0660,0664,0674
DT,00033,0668,0658,0660,0674
DT,00031,0668,0658,0660,0674
DT,00030,0668,0660,0664,0676
DT,00029,0668,0662,0666,0680
DT,00027,0668,0662,0668,0682
DT,00026,0668,0664,0664,0680
DT,00025,0668,0664,0662,0678
DT,00022,0668,0662,0660,0676
DT,00020,0676,0666,0668,0676
DT,00019,0690,0670,0670,0676
DT,00018,0044,0678,0666,0674
DT,00015,0770,0044,0666,0674
DT,00012,0044,0044,0682,0682
DT,00011,0044,0044,0044,0746
DT,00009,0044,0044,0044,0044
DT,00007,0044,0044,0044,0044
DT,00005,0044,0044,0044,0044
DT,00004,0044,0044,0044,0044
DT,00001,0044,0044,0044,0044
DT,00000,0044,0044,0044,0044
DT,-0001,0044,0044,0044,0044
DT,-0003,0044,0044,0044,0044
DT,-0004,0044,0044,0044,0044
