%
Project ID	saudardalsstifla
Sounding ID	6
Zero values	2442.8 27492.0 2051.0 2476.5 27468.0 2050.6
#
Depth	ROP	Feed force	U2	QC	FS	Friction Ratio
0.01	1.8	0.0	-11.18	0.008	0.02	0.0
0.02	11.8	0.1	-6.36	0.028	0.0	0.0
0.03	12.6	0.1	3.86	0.1	0.06	0.0
0.04	13.0	0.1	7.55	0.184	0.1	0.0
0.05	13.7	0.1	13.3	0.214	0.05	0.0
0.06	14.8	0.1	16.96	0.232	2.9	1.0
0.07	14.9	0.1	18.1	0.178	7.4	4.0
0.08	16.5	0.1	24.7	0.134	9.25	6.0
0.09	18.4	0.1	30.45	0.139	10.4	7.0
0.10	18.8	0.2	41.86	0.258	10.63	4.0
0.11	18.8	0.2	50.4	0.402	10.9	2.0
0.12	17.9	0.3	36.56	0.694	12.06	1.0
0.13	18.2	0.4	19.1	1.374	14.2	1.0
0.14	19.6	0.4	10.65	1.853	15.75	0.0
0.15	19.2	0.4	7.95	1.953	15.05	0.0
0.16	19.1	0.4	18.55	1.916	13.65	0.0
0.17	19.3	0.4	32.25	1.844	13.7	0.0
0.18	19.3	0.4	39.04	1.752	13.55	0.0
0.19	19.3	0.4	37.75	1.687	13.25	0.0
0.20	19.4	0.4	39.5	1.658	13.2	0.0
0.21	19.1	0.4	41.6	1.647	12.95	0.0
0.22	19.1	0.4	40.7	1.657	12.3	0.0
0.23	18.9	0.4	43.55	1.68	11.8	0.0
0.24	19.0	0.4	49.85	1.719	12.05	0.0
0.25	18.8	0.4	58.55	1.78	12.8	0.0
0.26	18.6	0.4	71.75	1.85	13.5	0.0
0.27	18.8	0.4	86.65	1.919	14.45	0.0
0.28	18.9	0.5	88.4	1.977	15.15	0.0
0.29	18.8	0.5	77.09	2.072	15.73	0.0
0.30	19.5	0.5	73.5	2.2	16.8	0.0
0.31	19.6	0.5	74.3	2.224	17.1	0.0
0.32	19.5	0.5	78.23	2.19	17.39	0.0
0.33	18.8	0.5	75.55	2.106	17.35	0.0
0.34	19.3	0.4	70.55	2.015	17.2	0.0
0.35	19.2	0.4	66.09	1.926	17.35	0.0
0.36	19.5	0.4	61.5	1.885	17.5	0.0
0.37	18.9	0.5	57.8	1.893	17.75	0.0
0.38	19.1	0.5	56.25	1.969	18.45	0.0
0.39	19.0	0.5	56.5	2.107	19.35	0.0
0.40	18.9	0.5	58.3	2.228	20.14	0.0
0.41	19.2	0.5	60.65	2.301	20.45	0.0
0.42	19.1	0.5	61.55	2.338	20.45	0.0
0.43	19.1	0.5	59.9	2.348	20.3	0.0
0.44	19.1	0.5	57.5	2.349	19.75	0.0
0.45	18.7	0.5	55.35	2.348	18.95	0.0
0.46	19.3	0.6	53.7	2.352	18.1	0.0
0.47	19.0	0.6	53.45	2.386	17.8	0.0
0.48	19.0	0.6	54.5	2.445	17.95	0.0
0.49	18.7	0.6	54.9	2.484	17.95	0.0
0.50	19.1	0.5	52.6	2.488	17.8	0.0
0.51	19.5	0.5	49.75	2.449	17.55	0.0
0.52	19.4	0.5	46.8	2.308	17.33	0.0
0.53	19.4	0.5	44.3	2.196	17.2	0.0
0.54	19.2	0.5	42.85	2.128	17.05	0.0
0.55	19.2	0.4	40.0	1.886	16.7	0.0
0.56	19.7	0.4	36.95	1.667	16.5	0.0
0.57	19.2	0.4	33.75	1.574	16.35	1.0
0.58	19.4	0.4	31.8	1.491	16.35	1.0
0.59	18.5	0.4	31.15	1.403	16.45	1.0
0.60	19.3	0.4	30.6	1.316	16.39	1.0
0.61	19.1	0.4	30.7	1.262	16.2	1.0
0.62	19.2	0.4	30.75	1.232	15.9	1.0
0.63	19.1	0.4	30.4	1.211	15.5	1.0
0.64	19.2	0.4	30.5	1.221	15.2	1.0
0.65	18.9	0.4	31.5	1.268	15.0	1.0
0.66	18.9	0.4	33.29	1.341	14.85	1.0
0.67	19.1	0.4	34.5	1.451	14.75	1.0
0.68	19.4	0.4	35.75	1.563	14.85	0.0
0.69	18.7	0.4	37.5	1.606	14.95	0.0
0.70	19.1	0.4	38.65	1.585	14.7	0.0
0.71	18.7	0.4	38.65	1.551	14.35	0.0
0.72	18.7	0.4	38.15	1.516	14.1	0.0
0.73	18.6	0.4	37.95	1.49	13.75	0.0
0.74	18.7	0.5	37.85	1.497	13.25	0.0
0.75	18.2	0.5	39.0	1.596	12.93	0.0
0.76	18.3	0.5	41.6	1.836	13.25	0.0
0.77	18.2	0.6	44.35	2.052	13.85	0.0
0.78	17.9	0.6	47.5	2.241	14.75	0.0
0.79	18.4	0.7	49.95	2.456	15.9	0.0
0.80	17.8	0.7	51.5	2.655	16.75	0.0
0.81	17.9	0.7	52.5	2.771	17.39	0.0
0.82	17.8	0.7	53.2	2.827	17.6	0.0
0.83	18.3	0.8	53.65	2.869	17.14	0.0
0.84	18.2	0.8	53.95	2.923	16.85	0.0
0.85	18.4	0.8	54.2	2.988	16.8	0.0
0.86	18.8	0.8	54.43	3.05	17.3	0.0
0.87	18.9	0.8	53.95	3.074	18.7	0.0
0.88	19.4	0.8	53.0	3.039	19.55	0.0
0.89	19.8	0.7	50.85	2.943	20.0	0.0
0.90	21.3	0.7	47.5	2.8	20.35	0.0
0.91	18.2	0.7	44.8	2.606	20.85	0.0
0.92	16.4	0.6	43.45	2.38	21.45	0.0
0.93	16.1	0.6	42.2	2.194	22.0	1.0
0.94	16.6	0.6	40.0	2.058	22.5	1.0
0.95	16.2	0.6	36.46	1.864	22.23	1.0
0.96	16.3	0.5	33.95	1.669	21.65	1.0
0.97	16.2	0.5	33.04	1.571	21.4	1.0
0.98	16.2	0.5	33.0	1.495	21.2	1.0
0.99	16.0	0.5	32.86	1.352	20.96	1.0
1.00	15.9	0.5	31.9	1.238	20.75	1.0
1.01	16.2	0.5	31.9	1.211	20.55	1.0
1.02	16.7	0.5	32.54	1.217	20.5	1.0
1.03	16.8	0.6	33.4	1.279	20.55	1.0
1.04	15.9	0.6	37.33	1.442	20.7	1.0
1.05	15.5	0.7	43.55	1.656	21.05	1.0
1.06	14.6	0.8	47.45	1.903	21.35	1.0
1.07	14.0	0.9	52.53	2.348	21.53	0.0
1.08	16.4	1.0	57.35	2.666	21.4	0.0
1.09	16.8	1.1	59.6	2.867	20.9	0.0
1.10	17.4	1.1	61.05	3.095	20.2	0.0
1.11	18.1	1.1	61.95	3.225	19.7	0.0
1.12	18.0	1.1	61.9	3.265	19.3	0.0
1.13	18.0	1.1	60.5	3.215	19.6	0.0
1.14	17.9	1.1	58.9	3.142	20.1	0.0
1.15	18.0	1.1	56.6	3.053	20.7	0.0
1.16	17.7	1.1	54.5	2.956	21.65	0.0
1.17	18.0	1.1	52.9	2.866	22.55	0.0
1.18	18.0	1.1	51.4	2.792	23.45	0.0
1.19	18.0	1.0	50.0	2.737	24.25	0.0
1.20	18.0	1.0	48.35	2.681	24.7	0.0
1.21	18.2	1.0	46.9	2.582	25.05	0.0
1.22	18.1	1.0	44.83	2.392	25.23	1.0
1.23	17.7	0.9	41.95	2.244	25.35	1.0
1.24	20.1	0.9	40.2	2.135	25.45	1.0
1.25	18.1	0.9	38.79	1.995	25.1	1.0
1.26	17.9	0.9	37.35	1.913	24.8	1.0
1.27	17.8	0.9	36.2	1.884	24.35	1.0
1.28	17.7	0.9	35.54	1.852	23.35	1.0
1.29	17.7	0.9	35.15	1.827	22.4	1.0
1.30	17.8	0.9	34.85	1.811	21.7	1.0
1.31	17.8	0.9	34.5	1.8	21.15	1.0
1.32	18.0	0.9	33.7	1.788	20.53	1.0
1.33	18.2	0.9	32.6	1.75	20.0	1.0
1.34	18.4	0.8	31.8	1.703	19.6	1.0
1.35	18.0	0.8	30.55	1.655	19.14	1.0
1.36	18.0	0.8	29.6	1.595	18.7	1.0
1.37	17.5	0.8	28.9	1.527	18.39	1.0
1.38	18.1	0.8	27.95	1.475	18.2	1.0
1.39	18.0	0.8	27.2	1.438	18.05	1.0
1.40	17.9	0.7	26.85	1.41	18.05	1.0
1.41	17.9	0.7	26.36	1.354	18.13	1.0
1.42	18.2	0.7	25.95	1.306	18.14	1.0
1.43	17.7	0.7	25.9	1.299	18.1	1.0
1.44	17.3	0.7	26.3	1.298	18.0	1.0
1.45	17.8	0.8	26.75	1.31	17.8	1.0
1.46	16.4	0.8	27.5	1.348	17.6	1.0
1.47	14.9	0.9	29.86	1.464	17.6	1.0
1.48	16.9	1.0	32.15	1.657	17.95	1.0
1.49	17.3	1.1	34.15	1.798	18.14	1.0
1.50	17.1	1.1	36.65	1.918	18.3	0.0
1.51	17.8	1.2	38.6	2.04	18.3	0.0
1.52	17.1	1.3	40.15	2.202	17.95	0.0
1.53	18.3	1.3	41.55	2.39	17.5	0.0
1.54	16.9	1.4	43.73	2.58	17.2	0.0
1.55	17.4	1.4	45.5	2.74	17.45	0.0
1.56	17.9	1.5	46.05	2.848	18.05	0.0
1.57	18.1	1.5	46.5	2.913	19.0	0.0
1.58	18.3	1.5	46.8	2.942	19.95	0.0
1.59	18.7	1.5	46.65	2.951	20.7	0.0
1.60	18.4	1.5	46.15	2.92	21.35	0.0
1.61	18.7	1.4	45.1	2.862	21.9	0.0
1.62	18.7	1.4	43.5	2.796	22.8	0.0
1.63	18.1	1.4	42.05	2.717	24.05	0.0
1.64	18.6	1.4	40.43	2.566	24.86	0.0
1.65	18.2	1.4	38.85	2.429	25.4	1.0
1.66	18.5	1.4	37.6	2.377	25.9	1.0
1.67	18.1	1.4	36.7	2.321	26.55	1.0
1.68	18.8	1.3	35.9	2.243	27.0	1.0
1.69	18.4	1.3	34.6	2.161	27.2	1.0
1.70	19.3	1.3	32.9	2.084	27.2	1.0
1.71	18.4	1.2	31.55	1.992	26.65	1.0
1.72	18.7	1.2	30.65	1.888	26.0	1.0
1.73	17.9	1.2	29.7	1.804	25.65	1.0
1.74	19.1	1.2	28.85	1.751	25.05	1.0
1.75	17.9	1.2	28.35	1.714	24.05	1.0
1.76	18.8	1.2	27.95	1.682	23.2	1.0
1.77	18.1	1.1	28.1	1.66	22.43	1.0
1.78	18.8	1.1	29.25	1.657	22.05	1.0
1.79	17.5	1.1	29.85	1.647	22.05	1.0
1.80	18.3	1.1	30.25	1.641	22.0	1.0
1.81	18.0	1.1	31.4	1.646	21.85	1.0
1.82	18.8	1.1	33.35	1.649	21.4	1.0
1.83	18.5	1.1	34.79	1.646	20.75	1.0
1.84	18.3	1.2	35.29	1.646	20.05	1.0
1.85	17.8	1.2	36.0	1.663	19.55	1.0
1.86	17.9	1.2	37.25	1.689	19.25	1.0
1.87	17.1	1.3	39.23	1.777	19.53	1.0
1.88	17.3	1.4	42.3	1.967	20.1	1.0
1.89	17.2	1.5	45.3	2.147	20.5	0.0
1.90	17.7	1.6	49.4	2.338	21.05	0.0
1.91	16.7	1.8	53.0	2.607	21.6	0.0
1.92	17.8	1.9	55.65	2.928	21.85	0.0
1.93	17.3	2.0	60.9	3.279	21.83	0.0
1.94	18.3	2.1	66.65	3.607	21.95	0.0
1.95	17.2	2.2	69.65	3.861	22.1	0.0
1.96	17.6	2.2	73.15	4.058	22.45	0.0
1.97	17.2	2.4	77.34	4.206	23.1	0.0
1.98	17.6	2.8	80.95	4.357	24.1	0.0
1.99	17.2	3.2	83.9	4.553	25.0	0.0
2.00	17.8	3.6	88.86	4.882	26.0	0.0
2.01	17.6	4.1	94.8	5.144	27.4	0.0
2.02	16.6	4.6	98.65	5.36	28.75	0.0
2.03	17.5	5.3	102.5	5.667	29.85	0.0
2.04	16.9	6.0	108.2	5.974	30.45	0.0
2.05	17.6	6.6	115.4	6.26	31.15	0.0
2.06	17.2	7.3	121.0	6.607	32.1	0.0
2.07	17.3	7.8	126.8	7.107	33.29	0.0
2.08	17.8	8.2	132.15	7.436	34.29	0.0
2.09	17.4	8.5	133.94	7.585	35.15	0.0
2.10	18.1	8.8	134.55	7.731	35.9	0.0
2.11	17.4	9.1	134.9	7.89	36.79	0.0
2.12	17.4	9.5	135.44	8.036	38.15	0.0
2.13	17.6	9.9	137.1	8.176	40.65	0.0
2.14	17.3	10.3	139.43	8.449	44.73	0.0
2.15	17.5	10.9	139.9	8.721	46.95	0.0
2.16	17.1	11.3	140.05	8.87	49.1	0.0
2.17	17.9	11.7	140.4	9.022	51.75	0.0
2.18	17.3	12.0	140.8	9.175	54.2	0.0
2.19	17.5	12.5	141.65	9.312	56.45	0.0
2.20	17.6	12.8	142.94	9.438	59.1	0.0
2.21	18.2	12.9	143.69	9.577	62.05	0.0
2.22	17.8	12.9	142.76	9.7	65.03	0.0
2.23	18.6	12.8	140.65	9.657	67.45	0.0
2.24	18.0	12.7	138.05	9.551	70.09	0.0
2.25	17.7	12.7	136.1	9.406	74.0	0.0
2.26	18.3	12.6	134.8	9.254	76.95	0.0
2.27	18.0	12.5	133.15	9.137	78.84	0.0
2.28	18.5	12.5	131.0	9.047	81.05	0.0
2.29	17.5	12.5	129.15	8.968	83.65	0.0
2.30	17.9	12.7	128.0	8.883	85.25	0.0
2.31	18.0	12.8	127.2	8.812	85.8	0.0
2.32	17.6	12.9	126.46	8.716	86.53	0.0
2.33	18.0	13.0	126.25	8.634	88.15	1.0
2.34	17.9	13.1	126.25	8.594	89.25	1.0
2.35	18.2	12.9	125.4	8.525	89.65	1.0
2.36	18.4	12.8	123.2	8.417	89.65	1.0
2.37	18.2	12.6	120.8	8.221	88.75	1.0
2.38	17.8	12.6	119.0	7.967	86.8	1.0
2.39	18.3	12.7	117.35	7.804	84.8	1.0
2.40	1.5	0.1	62.71	2.78	18.96	0.0
2.41	5.5	1.6	65.02	2.237	7.54	0.0
2.42	13.5	11.8	100.0	3.943	61.25	1.0
2.43	13.6	11.8	138.9	6.391	94.86	1.0
2.44	15.4	11.6	153.3	7.239	91.05	1.0
2.45	17.4	11.5	149.69	7.233	86.25	1.0
2.46	17.5	11.4	146.8	7.195	82.65	1.0
2.47	18.2	11.3	143.65	7.172	80.0	1.0
2.48	18.4	11.3	140.06	7.152	75.43	1.0
2.49	18.6	11.3	138.19	7.159	72.25	1.0
2.50	19.1	11.4	137.6	7.195	71.84	0.0
2.51	18.8	11.5	136.69	7.237	71.05	0.0
2.52	19.3	11.5	135.6	7.274	70.09	0.0
2.53	19.6	11.5	134.55	7.306	70.05	0.0
2.54	19.2	11.6	133.65	7.338	70.4	0.0
2.55	19.1	11.6	132.55	7.349	70.8	0.0
2.56	19.3	11.7	131.75	7.347	70.95	0.0
2.57	19.5	11.9	132.15	7.379	71.05	0.0
2.58	19.8	12.1	132.94	7.464	71.34	0.0
2.59	20.0	12.2	133.44	7.513	71.7	0.0
2.60	20.1	12.2	133.5	7.526	72.0	0.0
2.61	20.2	12.3	133.15	7.542	71.75	0.0
2.62	20.1	12.4	132.9	7.548	71.15	0.0
2.63	20.2	12.5	132.94	7.565	70.59	0.0
2.64	20.2	12.4	132.6	7.574	70.7	0.0
2.65	20.1	12.3	131.5	7.521	71.34	0.0
2.66	20.1	12.1	130.3	7.391	72.0	0.0
2.67	20.5	11.9	128.69	7.193	72.45	1.0
2.68	20.1	11.7	126.4	7.017	72.4	1.0
2.69	20.6	11.6	123.8	6.872	72.05	1.0
2.70	20.4	11.6	121.7	6.677	71.95	1.0
2.71	20.4	11.5	120.3	6.477	72.15	1.0
2.72	19.7	11.5	118.7	6.332	72.59	1.0
2.73	20.0	11.5	117.3	6.241	73.3	1.0
2.74	20.3	11.5	116.45	6.151	74.09	1.0
2.75	20.4	11.6	115.95	6.06	74.8	1.0
2.76	19.8	11.7	115.9	6.01	74.9	1.0
2.77	20.3	11.8	116.3	5.996	74.0	1.0
2.78	19.9	11.9	116.95	6.006	72.59	1.0
2.79	20.3	12.1	117.65	6.033	71.5	1.0
2.80	20.0	12.3	118.3	6.052	70.55	1.0
2.81	20.0	12.4	119.2	6.069	69.59	1.0
2.82	20.1	12.5	120.05	6.086	68.05	1.0
2.83	20.1	12.4	120.05	6.083	65.9	1.0
2.84	18.9	12.0	119.35	6.007	63.85	1.0
2.85	18.9	11.6	116.5	5.821	61.5	1.0
2.86	18.4	11.3	111.6	5.574	58.85	1.0
2.87	18.4	11.1	107.6	5.306	56.35	1.0
2.88	17.9	10.8	105.1	5.059	54.45	1.0
2.89	18.7	10.5	102.4	4.872	52.95	1.0
2.90	18.9	10.2	98.5	4.688	51.8	1.0
2.91	18.9	9.7	94.65	4.421	51.05	1.0
2.92	18.8	9.4	91.15	4.083	50.1	1.0
2.93	18.6	9.2	87.7	3.814	48.7	1.0
2.94	18.5	9.2	84.0	3.644	47.0	1.0
2.95	18.6	9.1	80.95	3.529	45.0	1.0
2.96	18.2	9.2	79.63	3.433	42.6	1.0
2.97	18.5	9.3	80.0	3.399	41.1	1.0
2.98	17.7	9.5	81.59	3.421	40.0	1.0
2.99	18.5	9.6	83.65	3.479	38.79	1.0
3.00	18.5	9.9	85.7	3.573	38.0	1.0
3.01	18.2	10.1	88.5	3.664	37.45	1.0
3.02	17.9	10.3	91.8	3.745	36.7	0.0
3.03	18.4	10.5	94.15	3.839	35.6	0.0
3.04	18.3	10.7	95.75	3.927	34.5	0.0
3.05	18.6	10.9	96.9	3.988	33.7	0.0
3.06	18.3	11.0	98.86	4.065	33.53	0.0
3.07	18.8	11.1	100.85	4.144	34.2	0.0
3.08	18.4	11.1	101.1	4.165	34.9	0.0
3.09	18.6	10.9	99.9	4.125	35.5	0.0
3.10	18.5	10.8	96.95	4.034	36.15	0.0
3.11	18.5	10.6	93.9	3.883	36.85	0.0
3.12	18.5	10.5	91.5	3.706	37.2	1.0
3.13	18.9	10.4	88.4	3.58	37.25	1.0
3.14	18.5	10.2	85.15	3.494	37.1	1.0
3.15	18.4	10.2	82.95	3.389	36.7	1.0
3.16	18.6	10.1	81.4	3.283	36.2	1.0
3.17	18.4	9.9	80.2	3.215	35.6	1.0
3.18	18.7	9.8	79.2	3.167	34.79	1.0
3.19	18.1	9.8	78.34	3.122	33.45	1.0
3.20	18.4	9.7	77.4	3.044	31.5	1.0
3.21	18.2	9.6	76.5	2.976	30.25	1.0
3.22	18.4	9.6	75.9	2.95	29.3	0.0
3.23	18.3	9.6	75.5	2.934	28.05	0.0
3.24	18.4	9.7	75.15	2.921	26.95	0.0
3.25	18.4	9.7	75.09	2.923	26.3	0.0
3.26	18.2	9.8	75.75	2.94	25.85	0.0
3.27	18.4	9.8	76.65	2.979	25.55	0.0
3.28	18.3	9.9	77.5	3.041	25.55	0.0
3.29	18.3	10.0	78.2	3.095	25.75	0.0
3.30	18.3	10.0	79.15	3.139	26.0	0.0
3.31	18.4	10.1	80.4	3.182	26.1	0.0
3.32	18.1	10.1	80.84	3.21	26.0	0.0
3.33	18.7	10.0	80.84	3.219	26.05	0.0
3.34	18.3	9.9	79.9	3.196	25.9	0.0
3.35	18.5	9.8	78.09	3.12	25.35	0.0
3.36	18.5	9.6	76.3	3.009	24.8	0.0
3.37	18.7	9.4	73.59	2.896	24.5	0.0
3.38	18.5	9.3	70.05	2.789	24.5	0.0
3.39	18.3	9.1	67.4	2.681	24.45	0.0
3.40	18.6	9.0	65.7	2.568	24.0	0.0
3.41	18.6	8.9	64.2	2.48	23.6	0.0
3.42	18.7	8.8	62.8	2.417	23.3	0.0
3.43	18.3	8.7	61.5	2.357	22.8	0.0
3.44	18.5	8.6	60.75	2.293	22.3	0.0
3.45	17.9	8.5	60.23	2.188	21.9	1.0
3.46	18.3	8.4	59.35	2.088	21.95	1.0
3.47	18.3	8.3	59.15	2.015	22.2	1.0
3.48	18.5	8.0	59.0	1.926	22.5	1.0
3.49	18.4	7.9	57.9	1.846	22.85	1.0
3.50	18.8	7.8	55.95	1.78	23.3	1.0
3.51	18.8	7.7	55.1	1.701	23.75	1.0
3.52	18.3	7.6	55.25	1.621	23.95	1.0
3.53	18.2	7.6	55.25	1.569	24.0	1.0
3.54	18.2	7.7	55.3	1.545	24.05	1.0
3.55	18.2	7.8	55.9	1.539	24.4	1.0
3.56	18.7	7.7	57.3	1.573	25.6	1.0
3.57	18.3	7.7	57.95	1.56	26.2	1.0
3.58	18.3	7.7	59.45	1.504	26.25	1.0
3.59	18.2	7.9	66.55	1.481	26.95	1.0
3.60	18.3	7.9	76.95	1.503	27.65	1.0
3.61	18.4	7.9	87.4	1.578	27.35	1.0
3.62	18.1	7.9	105.25	1.633	27.35	1.0
3.63	18.2	7.8	111.65	1.578	29.95	1.0
3.64	18.1	7.7	94.1	1.497	32.79	2.0
3.65	18.3	7.9	84.15	1.465	33.9	2.0
3.66	18.5	7.8	90.13	1.432	39.29	2.0
3.67	18.4	7.8	70.8	1.394	46.7	3.0
3.68	18.3	7.8	73.46	1.39	45.96	3.0
3.69	18.3	7.8	64.5	1.384	48.2	3.0
3.70	18.1	7.8	57.1	1.393	49.0	3.0
3.71	18.6	7.9	65.05	1.402	52.5	3.0
3.72	18.4	7.9	66.15	1.449	55.1	3.0
3.73	18.2	8.2	58.25	1.542	53.55	3.0
3.74	18.2	8.3	56.4	1.652	51.95	3.0
3.75	18.3	8.3	59.35	1.769	52.6	2.0
3.76	18.3	8.2	74.95	1.818	54.25	2.0
3.77	18.5	8.0	98.95	1.788	55.1	3.0
3.78	18.7	7.8	105.6	1.74	53.5	3.0
3.79	18.3	7.7	91.16	1.603	50.63	3.0
3.80	18.1	7.8	80.95	1.465	45.85	3.0
3.81	18.6	7.9	83.4	1.462	42.8	2.0
3.82	18.2	7.8	88.55	1.486	42.65	2.0
3.83	18.0	7.8	99.15	1.464	41.8	2.0
3.84	18.5	8.0	111.15	1.44	39.4	2.0
3.85	17.5	8.1	123.9	1.454	38.2	2.0
3.86	18.1	8.3	133.94	1.479	36.65	2.0
3.87	17.9	8.4	133.75	1.571	34.35	2.0
3.88	18.2	8.5	131.4	1.669	35.5	2.0
3.89	18.4	8.6	132.43	1.65	37.9	2.0
3.90	18.4	8.7	139.1	1.653	37.65	2.0
3.91	18.3	8.7	138.6	1.658	37.65	2.0
3.92	19.0	8.7	132.5	1.6	38.9	2.0
3.93	17.5	8.8	115.55	1.566	38.95	2.0
3.94	17.8	9.0	96.5	1.58	40.75	2.0
3.95	18.5	9.0	79.95	1.594	44.2	2.0
3.96	17.9	9.2	71.25	1.63	44.7	2.0
3.97	18.3	9.2	72.45	1.652	43.6	2.0
3.98	18.5	9.1	81.75	1.659	45.55	2.0
3.99	18.0	9.1	91.6	1.684	47.8	2.0
4.00	18.3	9.2	84.96	1.657	51.76	3.0
4.01	18.2	9.1	69.8	1.59	54.6	3.0
4.02	18.0	9.1	74.59	1.509	54.45	3.0
4.03	18.2	9.2	85.4	1.44	57.45	3.0
4.04	17.6	9.4	85.8	1.424	60.85	4.0
4.05	18.2	9.5	79.8	1.474	59.2	4.0
4.06	18.0	9.4	77.2	1.564	55.1	3.0
4.07	18.2	9.3	89.5	1.607	53.45	3.0
4.08	17.9	9.3	106.8	1.581	55.15	3.0
4.09	19.0	9.1	122.55	1.567	54.5	3.0
4.10	18.2	9.0	131.76	1.55	52.63	3.0
4.11	18.3	9.0	127.15	1.467	50.8	3.0
4.12	17.6	8.9	138.75	1.39	51.85	3.0
4.13	18.9	9.0	160.44	1.359	53.75	3.0
4.14	17.7	8.9	170.25	1.347	52.8	3.0
4.15	18.4	8.9	172.7	1.349	50.4	3.0
4.16	17.8	9.0	172.45	1.383	47.75	3.0
4.17	18.3	9.1	170.7	1.391	47.15	3.0
4.18	17.5	9.1	172.55	1.385	47.95	3.0
4.19	18.0	9.2	183.36	1.398	50.73	3.0
4.20	18.2	9.1	191.4	1.373	53.8	3.0
4.21	18.3	9.1	188.4	1.369	50.35	3.0
4.22	18.9	9.1	180.85	1.334	51.4	3.0
4.23	17.9	9.0	178.7	1.281	53.65	4.0
4.24	18.1	9.0	177.6	1.204	52.7	4.0
4.25	18.2	9.0	174.85	1.149	55.45	4.0
4.26	17.7	9.0	173.95	1.183	54.55	4.0
4.27	17.8	9.2	175.65	1.215	49.8	4.0
4.28	17.9	9.4	183.55	1.242	49.85	4.0
4.29	18.5	9.5	199.65	1.334	50.7	3.0
4.30	17.7	9.5	209.13	1.436	52.0	3.0
4.31	18.7	9.5	207.4	1.435	52.4	3.0
4.32	18.3	9.3	209.15	1.37	55.8	4.0
4.33	18.8	9.2	208.7	1.327	55.4	4.0
4.34	17.9	9.2	162.75	1.261	56.25	4.0
4.35	18.2	9.2	102.75	1.201	61.2	5.0
4.36	18.0	9.2	85.2	1.224	56.35	4.0
4.37	18.5	9.0	79.09	1.278	50.05	3.0
4.38	17.9	9.0	70.4	1.309	46.25	3.0
4.39	18.2	8.9	65.25	1.307	41.7	3.0
4.40	18.8	9.0	65.25	1.288	39.9	3.0
4.41	17.8	9.0	65.56	1.273	38.6	3.0
4.42	17.4	9.3	66.95	1.313	36.2	2.0
4.43	17.5	9.7	69.7	1.445	34.7	2.0
4.44	17.8	10.0	75.05	1.619	33.7	2.0
4.45	17.6	10.5	82.05	1.779	31.75	1.0
4.46	17.3	11.0	88.4	1.991	28.7	1.0
4.47	18.4	11.2	94.2	2.283	27.5	1.0
4.48	18.3	11.0	101.33	2.576	26.06	1.0
4.49	18.9	10.9	103.7	2.664	23.7	0.0
4.50	18.5	10.7	97.13	2.521	19.86	0.0
4.51	18.3	10.6	88.35	2.321	16.7	0.0
4.52	18.9	10.3	80.15	2.193	15.9	0.0
4.53	18.3	10.0	70.8	2.069	15.2	0.0
4.54	18.5	9.9	66.8	1.922	14.75	0.0
4.55	17.9	9.8	67.05	1.766	15.05	0.0
4.56	18.7	9.7	66.65	1.656	15.7	0.0
4.57	18.3	9.5	64.4	1.576	16.6	1.0
4.58	18.4	9.4	62.0	1.473	18.1	1.0
4.59	18.1	9.4	60.6	1.369	19.45	1.0
4.60	18.3	9.3	59.8	1.3	20.3	1.0
4.61	18.0	9.4	59.06	1.273	20.63	1.0
4.62	18.4	9.5	59.2	1.265	21.15	1.0
4.63	18.1	9.5	59.9	1.251	21.8	1.0
4.64	18.4	9.4	62.45	1.238	23.15	1.0
4.65	18.0	9.3	64.0	1.196	24.1	2.0
4.66	18.1	9.3	64.75	1.127	25.6	2.0
4.67	18.7	9.3	70.9	1.072	29.15	2.0
4.68	17.8	9.3	77.5	1.047	31.7	3.0
4.69	18.2	9.4	79.45	1.049	31.85	3.0
4.70	17.7	9.5	81.2	1.039	32.95	3.0
4.71	17.7	9.8	82.53	1.069	33.1	3.0
4.72	17.8	10.1	82.45	1.188	33.65	2.0
4.73	17.8	10.3	86.1	1.316	33.7	2.0
4.74	17.5	10.4	86.85	1.431	35.0	2.0
4.75	18.3	10.5	83.15	1.471	38.79	2.0
4.76	17.5	10.8	81.0	1.477	41.95	2.0
4.77	17.5	11.1	84.05	1.49	42.7	2.0
4.78	17.8	11.5	84.45	1.549	45.25	2.0
4.79	1.1	0.1	48.19	0.858	38.32	4.0
4.80	5.6	1.4	39.96	0.692	35.92	5.0
4.81	12.9	12.8	49.36	0.944	41.2	4.0
4.82	14.8	13.2	67.09	1.477	47.55	3.0
4.83	15.3	13.0	74.0	1.906	47.35	2.0
4.84	16.0	12.8	87.2	2.013	46.93	2.0
4.85	16.3	12.6	102.6	2.001	48.6	2.0
4.86	16.1	12.3	105.2	1.925	47.65	2.0
4.87	16.5	12.2	104.5	1.866	46.9	2.0
4.88	16.2	12.1	103.4	1.838	46.45	2.0
4.89	16.4	12.0	100.43	1.796	46.6	2.0
4.90	16.0	12.1	98.8	1.753	45.5	2.0
4.91	17.4	12.1	98.7	1.754	43.35	2.0
4.92	18.6	12.1	99.45	1.776	41.95	2.0
4.93	18.0	12.4	101.0	1.828	41.75	2.0
4.94	17.8	12.6	103.05	1.935	40.75	2.0
4.95	18.0	12.9	107.05	2.074	39.85	1.0
4.96	18.2	13.0	113.83	2.286	38.5	1.0
4.97	18.4	12.9	116.7	2.423	36.9	1.0
4.98	18.4	12.8	116.3	2.397	36.45	1.0
4.99	18.3	12.6	114.5	2.339	35.5	1.0
5.00	18.5	12.4	111.35	2.263	33.5	1.0
5.01	18.2	12.3	108.3	2.159	31.3	1.0
5.02	18.3	12.2	105.75	2.033	30.35	1.0
5.03	18.2	12.1	102.7	1.943	29.9	1.0
5.04	17.8	12.1	99.5	1.883	29.8	1.0
5.05	18.3	12.1	97.55	1.826	30.3	1.0
5.06	18.2	11.9	95.53	1.75	31.7	1.0
5.07	18.2	11.9	92.95	1.69	33.15	1.0
5.08	18.6	11.9	91.65	1.653	34.1	2.0
5.09	18.5	11.8	90.15	1.577	34.75	2.0
5.10	18.5	11.8	87.9	1.489	35.1	2.0
5.11	17.9	11.7	85.25	1.427	35.04	2.0
5.12	18.1	11.7	82.45	1.372	34.7	2.0
5.13	18.5	11.8	80.75	1.325	34.15	2.0
5.14	19.1	11.8	80.0	1.29	34.04	2.0
5.15	18.6	11.8	79.4	1.265	34.45	2.0
5.16	19.0	11.9	79.59	1.24	35.25	2.0
5.17	18.7	12.0	80.65	1.213	36.45	3.0
5.18	18.6	12.2	81.4	1.204	37.79	3.0
5.19	18.6	12.6	83.1	1.221	39.0	3.0
5.20	18.8	12.9	88.73	1.33	41.63	3.0
5.21	18.5	13.0	94.7	1.515	44.3	2.0
5.22	18.5	13.1	97.65	1.605	45.85	2.0
5.23	18.2	13.3	99.5	1.647	46.1	2.0
5.24	18.9	13.5	101.3	1.641	48.85	2.0
5.25	18.5	13.8	103.35	1.615	56.75	3.0
5.26	18.4	14.1	106.1	1.693	60.6	3.0
5.27	17.8	14.5	111.75	1.843	61.35	3.0
5.28	18.4	14.8	119.6	1.978	61.55	3.0
5.29	18.7	14.9	124.65	2.108	61.0	2.0
5.30	18.5	15.0	125.8	2.166	64.25	2.0
5.31	18.7	15.1	127.05	2.135	68.59	3.0
5.32	18.9	15.1	130.0	2.096	73.59	3.0
5.33	18.8	15.0	132.05	2.037	80.3	3.0
5.34	18.7	15.0	139.93	1.917	82.93	4.0
5.35	18.5	15.0	146.44	1.82	85.85	4.0
5.36	18.7	15.0	151.3	1.847	84.65	4.0
5.37	18.2	15.1	162.44	1.763	91.6	5.0
5.38	19.1	15.1	170.25	1.645	99.8	6.0
5.39	18.8	15.2	173.55	1.635	95.8	5.0
5.40	18.4	15.3	174.95	1.678	90.1	5.0
5.41	18.3	15.4	174.2	1.734	91.55	5.0
5.42	18.7	15.5	173.2	1.766	96.1	5.0
5.43	18.7	15.6	176.15	1.829	95.9	5.0
5.44	19.2	15.6	178.65	1.917	91.3	4.0
5.45	18.9	15.5	177.9	1.937	88.6	4.0
5.46	19.1	15.4	177.3	1.912	84.1	4.0
5.47	18.8	15.3	176.6	1.896	76.5	4.0
5.48	18.6	15.2	175.4	1.888	73.09	3.0
5.49	18.6	15.2	171.46	1.839	69.2	3.0
5.50	18.7	15.2	167.3	1.742	66.5	3.0
5.51	18.6	15.3	165.55	1.709	62.4	3.0
5.52	18.8	15.3	163.69	1.688	57.2	3.0
5.53	18.4	15.4	162.35	1.659	55.9	3.0
5.54	18.4	15.5	161.4	1.66	57.55	3.0
5.55	18.7	15.6	159.4	1.647	60.5	3.0
5.56	18.6	15.6	160.15	1.636	61.25	3.0
5.57	18.9	15.6	161.69	1.656	61.0	3.0
5.58	18.3	15.5	159.0	1.626	64.3	3.0
5.59	18.7	15.4	157.55	1.579	66.2	4.0
5.60	18.5	15.3	157.5	1.552	64.34	4.0
5.61	19.1	15.3	156.5	1.543	62.15	4.0
5.62	18.6	15.2	149.83	1.434	62.76	4.0
5.63	18.9	15.1	139.15	1.235	64.7	5.0
5.64	19.0	15.0	135.69	1.116	67.2	6.0
5.65	18.6	14.9	137.5	0.996	68.05	6.0
5.66	18.7	14.9	136.85	0.874	67.2	7.0
5.67	18.7	14.9	135.35	0.798	67.45	8.0
5.68	18.7	15.0	137.44	0.767	68.45	8.0
5.69	18.5	15.0	139.4	0.751	67.8	9.0
5.70	18.8	15.1	140.3	0.743	67.55	9.0
5.71	18.2	15.2	141.85	0.755	67.84	8.0
5.72	18.6	15.4	144.94	0.781	65.5	8.0
5.73	18.4	15.6	149.9	0.83	62.85	7.0
5.74	18.5	15.7	154.05	0.89	62.2	6.0
5.75	18.6	15.8	157.1	0.948	63.5	6.0
5.76	19.2	15.7	159.9	0.993	63.6	6.0
5.77	18.7	15.5	159.85	0.999	62.4	6.0
5.78	18.4	15.4	152.4	0.901	58.73	6.0
5.79	18.8	15.3	145.35	0.776	57.05	7.0
5.80	18.9	15.3	147.55	0.716	56.2	7.0
5.81	18.9	15.3	150.35	0.653	53.9	8.0
5.82	18.7	15.3	149.5	0.611	53.0	8.0
5.83	18.3	15.4	151.1	0.65	48.27	7.0
5.84	18.3	15.4	157.16	0.762	43.26	5.0
5.85	18.5	15.5	158.0	0.8	40.79	5.0
5.86	18.4	15.4	158.0	0.8	40.79	5.0
5.87	18.7	15.4	158.0	0.8	40.79	5.0
5.88	18.5	15.4	155.6	0.803	40.65	5.0
5.89	18.7	15.5	154.15	0.817	38.15	4.0
5.90	18.9	15.6	155.65	0.857	34.54	4.0
5.91	18.5	15.6	157.44	0.915	32.7	3.0
5.92	18.5	15.6	161.86	0.978	30.13	3.0
5.93	18.6	15.7	165.65	1.037	26.95	2.0
5.94	18.5	15.7	166.75	1.067	25.35	2.0
5.95	18.7	15.8	167.05	1.075	23.5	2.0
5.96	18.6	15.8	166.85	1.077	21.25	1.0
5.97	18.4	15.8	166.75	1.08	19.55	1.0
5.98	18.7	15.9	166.75	1.083	18.25	1.0
5.99	18.7	15.9	166.65	1.083	17.3	1.0
6.00	18.6	15.9	165.75	1.082	16.6	1.0
6.01	18.5	16.0	164.15	1.079	16.0	1.0
6.02	18.4	16.0	162.75	1.069	15.5	1.0
6.03	18.5	16.0	161.5	1.055	15.45	1.0
6.04	18.6	16.0	160.0	1.044	15.5	1.0
6.05	18.5	16.0	157.86	1.037	15.13	1.0
6.06	18.7	16.0	157.0	1.045	15.1	1.0
6.07	18.6	16.0	157.3	1.059	15.15	1.0
6.08	18.8	15.9	158.05	1.076	15.2	1.0
6.09	18.5	15.9	159.0	1.096	15.2	1.0
6.10	18.7	15.9	160.5	1.134	15.1	1.0
6.11	18.7	16.0	162.8	1.196	14.85	1.0
6.12	18.9	16.1	166.1	1.254	14.7	1.0
6.13	18.5	16.1	169.85	1.301	14.7	1.0
6.14	18.6	16.1	172.5	1.355	14.85	1.0
6.15	18.3	16.1	174.1	1.406	15.1	1.0
6.16	18.3	16.2	175.9	1.439	15.3	1.0
6.17	18.7	16.2	177.9	1.466	15.35	1.0
6.18	18.4	16.3	179.3	1.498	15.3	1.0
6.19	18.4	16.3	181.33	1.55	15.26	0.0
6.20	18.7	16.4	185.0	1.598	15.35	0.0
6.21	18.3	16.5	188.4	1.644	15.5	0.0
6.22	18.1	16.6	192.6	1.728	15.6	0.0
6.23	18.2	16.9	197.85	1.861	15.7	0.0
6.24	18.4	17.1	205.45	1.999	16.1	0.0
6.25	18.8	16.9	213.35	2.103	16.95	0.0
6.26	18.4	16.8	216.45	2.131	17.64	0.0
6.27	18.7	16.7	214.35	2.051	17.6	0.0
6.28	19.1	16.7	209.85	1.954	17.2	0.0
6.29	18.9	16.5	205.0	1.895	16.8	0.0
6.30	18.8	16.5	200.95	1.835	16.6	0.0
6.31	18.8	16.4	197.3	1.763	16.8	0.0
6.32	18.6	16.4	192.85	1.703	17.45	1.0
6.33	18.2	16.4	186.2	1.638	18.46	1.0
6.34	18.7	16.4	181.45	1.567	19.5	1.0
6.35	18.6	16.4	178.9	1.509	20.1	1.0
6.36	18.7	16.4	175.8	1.464	20.65	1.0
6.37	19.1	16.3	172.45	1.431	21.15	1.0
6.38	18.6	16.2	170.15	1.404	21.45	1.0
6.39	18.6	16.4	169.0	1.396	21.55	1.0
6.40	18.8	16.4	169.16	1.407	22.13	1.0
6.41	18.8	16.4	170.15	1.439	23.17	1.0
6.42	18.5	16.4	170.3	1.454	23.25	1.0
6.43	18.4	16.6	170.2	1.454	23.1	1.0
6.44	18.6	16.6	170.2	1.454	23.1	1.0
6.45	18.3	16.6	170.2	1.454	23.1	1.0
6.46	18.6	16.6	170.33	1.458	22.86	1.0
6.47	18.2	16.7	170.4	1.466	22.55	1.0
6.48	19.3	16.7	170.3	1.472	22.4	1.0
6.49	18.3	16.8	170.85	1.482	22.2	1.0
6.50	18.5	17.0	172.15	1.517	22.0	1.0
6.51	17.8	17.2	174.0	1.585	21.8	1.0
6.52	19.1	17.3	177.45	1.661	21.7	1.0
6.53	18.0	17.4	182.6	1.74	21.55	1.0
6.54	19.0	17.5	187.1	1.844	21.35	1.0
6.55	18.2	17.6	190.3	1.953	21.25	1.0
6.56	18.9	17.6	193.4	2.019	21.05	1.0
6.57	18.0	17.7	196.3	2.054	20.85	1.0
6.58	18.2	17.7	197.95	2.082	20.75	0.0
6.59	18.9	17.7	198.45	2.097	20.45	0.0
6.60	18.6	17.7	198.23	2.098	19.89	0.0
6.61	19.5	17.6	196.45	2.088	19.3	0.0
6.62	18.4	17.6	194.45	2.05	18.89	0.0
6.63	18.7	17.6	192.55	1.989	18.8	0.0
6.64	18.8	17.4	189.95	1.936	18.75	0.0
6.65	18.6	17.3	186.0	1.889	18.55	0.0
6.66	18.4	17.3	182.1	1.811	18.35	1.0
6.67	19.0	17.2	179.3	1.72	18.2	1.0
6.68	19.0	17.1	175.95	1.651	17.89	1.0
6.69	18.4	17.0	171.65	1.593	17.7	1.0
6.70	18.9	17.0	168.15	1.539	17.95	1.0
6.71	18.5	17.0	165.7	1.484	18.6	1.0
6.72	19.2	17.0	163.9	1.435	19.3	1.0
6.73	18.1	17.1	162.35	1.408	20.05	1.0
6.74	18.8	17.2	161.05	1.395	21.05	1.0
6.75	17.8	17.2	161.26	1.416	21.9	1.0
6.76	18.5	17.4	163.35	1.471	22.5	1.0
6.77	18.1	17.5	166.45	1.524	22.9	1.0
6.78	18.4	17.6	168.8	1.571	23.25	1.0
6.79	19.1	17.7	169.85	1.607	23.7	1.0
6.80	18.8	17.7	170.5	1.624	23.8	1.0
6.81	17.7	17.8	171.3	1.636	23.6	1.0
6.82	18.3	17.9	171.65	1.65	23.4	1.0
6.83	18.9	17.9	171.5	1.652	23.2	1.0
6.84	18.8	17.9	171.15	1.645	23.3	1.0
6.85	18.3	17.9	170.55	1.629	23.25	1.0
6.86	18.9	17.8	168.35	1.592	22.7	1.0
6.87	18.3	17.8	162.69	1.463	23.13	1.0
6.88	18.9	17.8	155.65	1.325	24.6	1.0
6.89	18.3	17.9	150.44	1.263	26.3	2.0
6.90	18.0	18.2	149.19	1.248	29.0	2.0
6.91	18.4	18.4	152.6	1.334	31.45	2.0
6.92	18.3	18.4	156.3	1.429	33.1	2.0
6.93	18.6	18.5	158.85	1.479	35.29	2.0
6.94	18.1	18.6	159.75	1.493	36.85	2.0
6.95	18.9	18.6	158.5	1.455	37.29	2.0
6.96	18.1	18.6	155.44	1.376	38.29	2.0
6.97	18.5	18.8	151.44	1.318	39.6	3.0
6.98	17.7	19.0	148.55	1.284	42.35	3.0
6.99	17.5	19.1	152.73	1.266	48.06	3.0
7.00	17.3	19.2	158.8	1.287	52.7	4.0
7.01	17.3	19.3	163.0	1.327	50.6	3.0
7.02	17.0	19.4	165.3	1.363	47.2	3.0
7.03	17.5	19.3	165.8	1.388	45.05	3.0
7.04	16.8	19.2	165.15	1.372	43.8	3.0
7.05	17.4	19.2	159.0	1.277	42.53	3.0
7.06	17.4	19.2	153.15	1.185	41.35	3.0
7.07	15.6	19.3	151.8	1.141	41.3	3.0
7.08	13.0	19.9	150.69	1.117	42.8	3.0
7.09	10.8	20.4	154.46	1.156	47.26	4.0
7.10	7.1	20.9	163.3	1.349	50.3	3.0
7.11	4.1	21.8	159.96	1.294	48.48	3.0
7.12	10.7	20.8	163.1	1.332	47.23	3.0
7.13	10.7	20.9	164.43	1.429	43.96	3.0
7.14	11.5	20.9	163.05	1.431	40.65	2.0
7.15	12.2	21.0	162.53	1.421	39.03	2.0
7.16	14.4	21.0	162.1	1.414	38.1	2.0
7.17	14.4	21.1	162.23	1.398	37.1	2.0
7.18	1.5	0.1	119.69	0.753	23.33	3.0
7.19	10.1	1.6	109.67	0.645	20.05	3.0
7.20	10.7	21.2	113.5	0.721	25.5	3.0
7.21	10.9	23.8	138.87	1.109	33.88	3.0
7.22	31.4	22.4	163.62	1.494	38.77	2.0
7.23	24.6	22.5	183.4	1.671	45.2	2.0
7.24	23.3	22.5	186.4	1.425	50.0	3.0
7.25	21.4	22.6	173.26	1.258	49.54	3.0
7.26	20.8	22.6	171.76	1.277	49.5	3.0
7.27	20.7	22.7	171.56	1.315	49.58	3.0
7.28	21.8	22.9	164.02	1.146	52.7	4.0
7.29	16.9	23.1	141.51	0.757	52.15	6.0
7.30	5.4	23.6	148.01	0.894	63.21	7.0
7.31	1.6	24.6	133.64	0.755	54.51	7.0
7.32	10.5	25.1	130.1	0.744	54.1	7.0
7.34	172.8	22.2	130.1	0.744	54.1	7.0	91: Can not be pushed further
7.35	164.5	21.8	130.1	0.744	54.1	7.0
