%
Project ID	saudardalsstifla
Sounding ID	2
Zero values	2432.9 27494.0 2051.0 2466.7 27450.0 2050.8
#
Depth	ROP	Feed force	U2	QC	FS	Friction Ratio
0.01	1.4	0.0	-0.84	0.003	0.26	6.0
0.02	10.9	0.1	-0.86	0.004	0.26	5.0
0.03	12.2	0.1	-0.55	0.01	0.25	2.0
0.04	13.4	0.1	0.53	0.023	0.2	0.0
0.05	15.9	0.1	2.75	0.045	0.1	0.0
0.06	16.4	0.1	3.75	0.077	0.1	0.0
0.07	16.2	0.1	4.25	0.117	0.1	0.0
0.08	16.5	0.1	10.93	0.169	0.23	0.0
0.09	18.2	0.2	21.45	0.328	0.8	0.0
0.10	18.6	0.3	28.95	0.694	1.4	0.0
0.11	18.9	0.4	36.04	1.185	1.9	0.0
0.12	17.8	0.4	47.15	1.582	2.8	0.0
0.13	18.9	0.4	56.2	1.827	4.05	0.0
0.14	19.7	0.4	60.45	1.993	4.9	0.0
0.15	19.3	0.4	66.3	2.101	5.7	0.0
0.16	19.4	0.4	75.09	2.127	7.0	0.0
0.17	19.4	0.4	74.8	2.109	8.3	0.0
0.18	19.5	0.4	66.65	2.053	9.15	0.0
0.19	19.8	0.4	63.7	1.975	9.9	0.0
0.20	20.2	0.4	65.15	1.912	10.75	0.0
0.21	21.4	0.4	68.7	1.865	12.2	0.0
0.22	21.9	0.4	74.09	1.847	13.95	0.0
0.23	22.0	0.4	77.8	1.886	14.95	0.0
0.24	17.3	0.5	77.0	1.965	15.6	0.0
0.25	14.1	0.5	76.93	2.084	16.89	0.0
0.26	17.2	0.5	77.65	2.209	18.05	0.0
0.27	18.1	0.5	77.95	2.347	18.45	0.0
0.28	17.7	0.6	77.4	2.474	18.75	0.0
0.29	18.0	0.6	74.55	2.561	19.14	0.0
0.30	18.5	0.6	72.84	2.64	19.14	0.0
0.31	18.5	0.6	71.15	2.712	18.95	0.0
0.32	18.4	0.6	69.4	2.762	18.8	0.0
0.33	17.7	0.6	68.09	2.794	18.55	0.0
0.34	18.1	0.6	65.63	2.842	17.93	0.0
0.35	18.4	0.6	62.95	2.888	17.45	0.0
0.36	18.4	0.6	60.5	2.912	17.35	0.0
0.37	18.3	0.6	56.8	2.927	17.14	0.0
0.38	18.4	0.6	54.1	2.95	17.2	0.0
0.39	18.2	0.7	52.5	2.983	17.6	0.0
0.40	18.2	0.7	49.8	3.007	17.75	0.0
0.41	18.2	0.7	46.4	3.025	17.8	0.0
0.42	18.3	0.7	44.15	3.046	17.85	0.0
0.43	18.1	0.7	42.9	3.058	17.7	0.0
0.44	18.2	0.7	41.5	3.06	17.55	0.0
0.45	18.0	0.7	40.54	3.061	17.5	0.0
0.46	18.4	0.7	40.03	3.05	17.13	0.0
0.47	18.3	0.7	39.6	3.049	17.0	0.0
0.48	18.0	0.7	39.65	3.064	17.2	0.0
0.49	17.6	0.7	39.9	3.091	17.35	0.0
0.50	17.5	0.7	40.45	3.157	17.3	0.0
0.51	17.6	0.8	41.35	3.257	17.25	0.0
0.52	17.8	0.8	42.9	3.337	17.39	0.0
0.53	18.2	0.8	44.7	3.39	17.64	0.0
0.54	18.1	0.9	45.96	3.478	17.66	0.0
0.55	17.8	0.9	46.75	3.569	17.39	0.0
0.56	18.2	0.9	47.6	3.619	17.35	0.0
0.57	16.0	0.9	48.3	3.672	17.64	0.0
0.58	18.4	1.0	48.6	3.742	18.05	0.0
0.59	18.2	1.0	49.0	3.797	18.39	0.0
0.60	17.2	1.0	50.05	3.838	18.85	0.0
0.61	18.2	1.1	51.35	3.887	18.89	0.0
0.62	17.6	1.1	58.96	3.98	18.43	0.0
0.63	17.7	1.2	70.4	4.108	19.6	0.0
0.64	17.7	1.3	75.75	4.234	20.55	0.0
0.65	17.9	1.4	79.59	4.426	20.05	0.0
0.66	17.9	1.5	82.3	4.666	19.8	0.0
0.67	17.8	1.5	85.85	4.866	20.45	0.0
0.68	17.7	1.7	94.1	5.051	20.1	0.0
0.69	17.3	1.8	94.7	5.363	18.55	0.0
0.70	17.9	1.9	76.23	5.875	17.83	0.0
0.71	18.0	2.0	54.7	6.271	17.95	0.0
0.72	17.6	2.0	48.7	6.483	16.6	0.0
0.73	18.3	2.1	50.05	6.592	15.85	0.0
0.74	18.2	2.1	52.5	6.694	15.45	0.0
0.75	18.2	2.1	53.35	6.773	13.85	0.0
0.76	18.2	2.1	53.65	6.814	14.1	0.0
0.77	18.1	2.2	50.1	6.814	14.6	0.0
0.78	17.6	2.2	46.1	6.828	14.55	0.0
0.79	18.2	2.3	47.25	6.921	16.64	0.0
0.80	17.7	2.3	46.33	7.118	15.33	0.0
0.81	18.1	2.4	43.1	7.38	12.85	0.0
0.82	18.2	2.6	41.65	7.54	12.9	0.0
0.83	17.8	2.8	40.7	7.657	13.4	0.0
0.84	18.3	2.9	40.35	7.722	14.0	0.0
0.85	18.2	2.9	42.7	7.738	15.05	0.0
0.86	18.3	2.9	43.4	7.728	16.0	0.0
0.87	18.4	2.9	36.95	7.717	16.8	0.0
0.88	18.4	2.9	29.25	7.677	17.6	0.0
0.89	18.5	2.8	25.45	7.603	18.5	0.0
0.90	18.2	2.9	25.15	7.544	19.45	0.0
0.91	18.4	2.8	28.0	7.512	19.46	0.0
0.92	18.4	2.8	32.54	7.452	19.85	0.0
0.93	18.3	2.7	35.7	7.33	20.6	0.0
0.94	18.7	2.5	38.9	7.186	21.6	0.0
0.95	18.4	2.4	43.35	7.062	22.7	0.0
0.96	18.8	2.3	48.3	6.943	23.4	0.0
0.97	18.6	2.3	51.6	6.763	24.7	0.0
0.98	18.8	2.2	53.65	6.524	26.25	0.0
0.99	18.8	2.2	54.9	6.336	27.05	0.0
1.00	18.7	2.1	54.35	6.186	27.3	0.0
1.01	19.1	2.0	53.85	5.913	28.5	0.0
1.02	18.9	1.9	53.9	5.501	29.8	0.0
1.03	19.4	1.8	52.7	5.153	30.1	0.0
1.04	18.6	1.7	50.3	4.904	30.5	0.0
1.05	18.7	1.6	48.45	4.63	31.0	0.0
1.06	18.3	1.6	47.6	4.242	31.23	0.0
1.07	18.3	1.5	47.1	3.958	30.8	0.0
1.08	18.4	1.4	46.65	3.802	30.45	0.0
1.09	18.7	1.4	46.65	3.645	30.1	0.0
1.10	18.4	1.3	46.55	3.477	29.9	0.0
1.11	18.6	1.3	46.6	3.338	29.7	0.0
1.12	18.4	1.3	48.0	3.252	29.35	0.0
1.13	18.5	1.3	48.75	3.2	28.6	0.0
1.14	18.1	1.3	48.2	3.149	27.7	0.0
1.15	18.4	1.3	48.1	3.098	26.7	0.0
1.16	18.3	1.3	48.0	3.053	25.7	0.0
1.17	18.5	1.3	47.3	2.958	24.36	0.0
1.18	18.2	1.3	46.4	2.886	23.55	0.0
1.19	18.0	1.3	45.75	2.873	23.2	0.0
1.20	17.9	1.3	45.2	2.865	22.7	0.0
1.21	18.1	1.3	44.85	2.868	22.25	0.0
1.22	18.0	1.3	44.6	2.864	22.15	0.0
1.23	17.7	1.3	44.5	2.858	22.15	0.0
1.24	17.6	1.3	44.35	2.867	22.1	0.0
1.25	17.9	1.4	44.4	2.899	22.2	0.0
1.26	18.0	1.4	44.7	2.951	22.25	0.0
1.27	17.8	1.5	45.76	3.038	22.06	0.0
1.28	17.8	1.5	47.05	3.159	21.8	0.0
1.29	17.7	1.6	47.75	3.284	21.75	0.0
1.30	17.9	1.6	48.75	3.401	21.55	0.0
1.31	17.9	1.6	49.8	3.493	21.45	0.0
1.32	18.2	1.7	50.8	3.579	21.55	0.0
1.33	17.9	1.7	51.45	3.666	21.8	0.0
1.34	18.2	1.7	51.6	3.745	22.15	0.0
1.35	17.8	1.8	51.75	3.805	22.45	0.0
1.36	17.9	1.8	52.16	3.887	22.83	0.0
1.37	17.7	1.8	52.55	3.991	23.05	0.0
1.38	18.0	1.9	53.1	4.064	23.15	0.0
1.39	17.7	1.9	53.8	4.127	23.1	0.0
1.40	17.7	2.0	54.45	4.217	23.3	0.0
1.41	17.8	2.0	55.15	4.33	23.9	0.0
1.42	18.2	2.0	55.75	4.421	24.45	0.0
1.43	18.2	2.0	56.25	4.476	25.0	0.0
1.44	17.8	2.0	56.5	4.508	25.75	0.0
1.45	18.6	2.0	56.06	4.521	26.46	0.0
1.46	17.5	2.0	55.4	4.506	26.8	0.0
1.47	18.2	2.0	54.7	4.481	26.85	0.0
1.48	17.9	2.0	54.1	4.442	26.8	0.0
1.49	18.4	2.0	53.7	4.419	26.8	0.0
1.50	18.0	2.0	53.45	4.405	26.85	0.0
1.51	18.5	2.0	53.3	4.395	27.1	0.0
1.52	17.6	2.0	53.15	4.407	27.45	0.0
1.53	18.7	2.1	53.3	4.439	27.75	0.0
1.54	17.4	2.1	53.75	4.479	28.25	0.0
1.55	17.7	2.1	54.4	4.522	28.4	0.0
1.56	18.1	2.1	55.0	4.531	27.8	0.0
1.57	18.1	2.1	55.2	4.504	27.2	0.0
1.58	18.3	2.1	55.15	4.482	26.6	0.0
1.59	18.2	2.1	56.5	4.472	25.9	0.0
1.60	18.2	2.1	58.0	4.451	25.3	0.0
1.61	18.4	2.1	57.75	4.408	24.95	0.0
1.62	18.5	2.1	57.5	4.363	24.85	0.0
1.63	18.0	2.1	57.45	4.31	24.85	0.0
1.64	18.7	2.0	56.43	4.171	25.16	0.0
1.65	18.3	2.0	55.4	4.062	25.3	0.0
1.66	19.3	1.9	53.43	3.922	25.43	0.0
1.67	18.3	1.8	48.65	3.619	25.8	0.0
1.68	18.9	1.7	46.05	3.295	26.5	0.0
1.69	18.4	1.7	45.75	3.003	27.0	0.0
1.70	19.3	1.6	44.75	2.816	26.9	0.0
1.71	18.3	1.6	42.25	2.675	27.05	1.0
1.72	19.0	1.5	39.85	2.496	27.35	1.0
1.73	18.0	1.5	38.0	2.291	27.35	1.0
1.74	19.2	1.4	36.4	2.138	27.05	1.0
1.75	18.0	1.4	34.95	2.032	26.3	1.0
1.76	18.8	1.3	34.15	1.921	25.2	1.0
1.77	18.2	1.3	34.0	1.813	24.3	1.0
1.78	18.3	1.3	33.95	1.742	23.9	1.0
1.79	17.4	1.3	34.16	1.69	23.3	1.0
1.80	18.5	1.3	35.15	1.663	21.9	1.0
1.81	17.7	1.3	35.9	1.658	20.65	1.0
1.82	19.0	1.3	36.7	1.664	19.8	1.0
1.83	17.6	1.3	37.7	1.675	19.2	1.0
1.84	19.1	1.3	38.6	1.699	18.7	1.0
1.85	17.8	1.3	39.29	1.735	18.45	1.0
1.86	18.6	1.3	39.95	1.76	18.35	1.0
1.87	17.5	1.3	40.4	1.775	18.3	1.0
1.88	18.2	1.3	40.45	1.786	18.45	1.0
1.89	18.2	1.3	40.26	1.792	18.86	1.0
1.90	18.7	1.3	39.95	1.786	19.35	1.0
1.91	17.5	1.3	39.4	1.776	19.64	1.0
1.92	18.6	1.3	38.95	1.764	20.05	1.0
1.93	17.9	1.3	38.75	1.764	20.5	1.0
1.94	18.5	1.3	38.85	1.784	20.9	1.0
1.95	17.7	1.4	39.4	1.821	21.45	1.0
1.96	18.2	1.4	40.1	1.883	22.3	1.0
1.97	17.9	1.4	40.54	1.94	23.1	1.0
1.98	18.5	1.3	40.35	1.945	23.65	1.0
1.99	18.1	1.3	38.79	1.889	24.2	1.0
2.00	18.8	1.3	37.29	1.784	24.1	1.0
2.01	18.4	1.3	36.45	1.726	23.85	1.0
2.02	17.5	1.3	35.18	1.71	23.81	1.0
2.03	18.5	1.3	36.56	1.814	26.86	1.0
2.04	17.7	1.3	37.1	1.834	28.7	1.0
2.05	18.2	1.3	37.1	1.834	28.7	1.0
2.06	18.0	1.4	37.1	1.834	28.7	1.0
2.07	17.8	1.4	37.1	1.834	28.7	1.0
2.08	18.3	1.4	37.4	1.818	29.4	1.0
2.09	18.1	1.4	37.04	1.783	30.35	1.0
2.10	18.9	1.4	34.9	1.734	30.3	1.0
2.11	18.1	1.4	32.9	1.665	28.9	1.0
2.12	18.1	1.3	32.29	1.604	26.95	1.0
2.13	18.5	1.3	32.15	1.584	25.2	1.0
2.14	17.7	1.3	31.95	1.585	23.5	1.0
2.15	18.4	1.4	31.9	1.59	22.45	1.0
2.16	17.3	1.4	32.15	1.623	22.15	1.0
2.17	18.2	1.5	32.45	1.696	22.2	1.0
2.18	17.3	1.5	34.96	1.838	22.36	1.0
2.19	17.5	1.6	39.25	2.055	22.0	1.0
2.20	17.1	1.7	41.9	2.311	21.25	0.0
2.21	17.6	1.8	45.55	2.566	20.2	0.0
2.22	17.6	1.9	49.1	2.772	19.14	0.0
2.23	18.1	1.9	50.55	2.947	18.39	0.0
2.24	17.4	2.0	51.0	3.092	18.5	0.0
2.25	17.1	2.0	52.05	3.226	18.75	0.0
2.26	17.5	2.1	56.53	3.501	18.56	0.0
2.27	17.3	2.2	61.6	3.834	18.55	0.0
2.28	17.8	2.3	63.95	4.089	18.89	0.0
2.29	16.5	2.9	67.09	4.334	19.45	0.0
2.30	16.9	3.7	71.7	4.582	20.3	0.0
2.31	16.7	4.5	76.34	4.947	21.2	0.0
2.32	17.1	5.2	82.5	5.55	22.5	0.0
2.33	17.2	6.0	89.95	6.02	24.3	0.0
2.34	17.1	6.6	94.5	6.374	25.95	0.0
2.35	17.4	7.1	97.75	6.747	27.1	0.0
2.36	17.6	7.6	102.05	6.989	27.65	0.0
2.37	17.4	8.0	106.4	7.161	28.3	0.0
2.38	17.4	8.3	109.0	7.328	29.4	0.0
2.39	18.0	8.6	111.56	7.579	32.29	0.0
2.40	0.5	0.0	63.98	3.44	17.33	0.0
2.41	4.8	1.2	118.1	4.029	38.79	0.0
2.42	11.8	8.3	116.7	4.0	36.9	0.0
2.43	12.3	8.5	115.8	3.977	36.15	0.0
2.44	13.4	8.4	114.9	3.954	35.4	0.0
2.45	15.0	8.4	114.9	3.954	35.4	0.0
2.46	14.9	8.3	114.9	3.954	35.4	0.0
2.47	13.3	8.1	114.15	3.895	35.29	0.0
2.48	1.6	1.4	112.53	3.705	34.96	0.0
2.49	23.3	8.0	111.4	3.594	34.4	0.0
2.50	23.3	7.7	111.4	3.594	34.4	0.0
2.51	23.4	7.5	109.9	3.562	33.45	0.0
2.52	24.1	7.4	108.4	3.53	32.5	0.0
2.53	25.0	6.9	108.4	3.53	32.5	0.0
2.54	24.3	6.6	108.4	3.53	32.5	0.0
2.55	24.6	6.3	108.4	3.53	32.5	0.0
2.56	25.1	6.0	108.4	3.53	32.5	0.0
2.57	25.2	5.7	108.15	3.503	31.7	0.0
2.58	25.8	5.4	107.9	3.476	30.9	0.0
2.59	25.6	5.1	107.9	3.476	30.9	0.0
2.60	26.5	4.8	107.9	3.476	30.9	0.0
2.61	26.4	4.4	107.9	3.476	30.9	0.0
2.62	27.7	4.2	107.9	3.476	30.9	0.0
2.63	27.9	3.8	107.9	3.476	30.9	0.0
2.64	27.7	3.5	107.9	3.463	30.4	0.0
2.65	27.5	3.3	107.9	3.45	29.9	0.0
2.66	28.1	3.2	107.9	3.45	29.9	0.0
2.67	28.1	3.1	107.9	3.45	29.9	0.0
2.68	28.3	3.0	107.9	3.45	29.9	0.0
2.69	29.7	3.0	107.9	3.45	29.9	0.0
2.70	30.0	3.0	107.9	3.45	29.9	0.0
2.71	29.9	2.8	107.9	3.45	29.9	0.0
2.72	28.4	2.7	105.6	3.389	30.1	0.0
2.73	29.7	2.6	103.3	3.328	30.3	0.0
2.74	29.5	2.5	103.3	3.328	30.3	0.0
2.75	30.3	2.4	103.3	3.328	30.3	0.0
2.76	29.3	2.3	103.3	3.328	30.3	0.0
2.77	29.5	2.3	103.3	3.328	30.3	0.0
2.78	29.5	2.3	94.87	3.12	33.45	1.0
2.79	29.5	2.3	87.47	2.845	33.52	1.0
2.80	30.0	2.3	81.75	2.647	28.32	1.0
2.81	29.8	2.2	73.22	2.27	24.72	1.0
2.82	28.9	2.2	68.33	2.017	22.4	1.0
2.83	16.7	2.1	65.4	1.93	19.28	0.0
2.84	15.6	2.1	60.78	1.653	18.45	1.0
2.85	16.5	2.1	63.81	1.759	13.56	0.0
2.86	16.1	2.0	73.65	2.16	12.4	0.0
2.87	16.1	2.0	80.91	2.456	15.18	0.0
2.88	15.7	1.9	79.01	2.418	18.78	0.0
2.89	16.3	1.8	72.28	2.213	21.13	0.0
2.90	16.1	1.8	65.06	1.95	22.25	1.0
2.91	16.2	1.7	61.77	1.837	22.38	1.0
2.92	16.1	1.7	62.26	1.897	21.31	1.0
2.93	16.0	1.7	62.63	1.922	19.08	0.0
2.94	15.8	1.7	63.06	1.915	20.02	1.0
2.95	16.3	1.7	62.8	1.852	21.6	1.0
2.96	15.7	1.7	62.65	1.831	21.6	1.0
2.97	17.1	1.6	62.5	1.81	21.6	1.0
2.98	16.8	1.6	62.5	1.81	21.6	1.0
2.99	15.7	1.6	62.5	1.81	21.6	1.0
3.00	16.9	1.6	61.75	1.791	21.75	1.0
3.01	16.2	1.6	61.0	1.772	21.9	1.0
3.02	16.6	1.6	61.0	1.772	21.9	1.0
3.03	16.5	1.6	61.0	1.772	21.9	1.0
3.04	16.6	1.7	60.5	1.751	21.85	1.0
3.05	16.6	1.7	60.0	1.73	21.8	1.0
3.06	16.3	1.8	60.0	1.73	21.8	1.0
3.07	16.7	1.8	60.0	1.73	21.8	1.0
3.08	16.1	1.9	60.55	1.713	22.0	1.0
3.09	16.1	1.9	61.1	1.696	22.2	1.0
3.10	16.2	2.0	61.1	1.696	22.2	1.0
3.11	16.4	2.0	61.1	1.696	22.2	1.0
3.12	16.4	2.0	61.9	1.668	22.3	1.0
3.13	16.6	2.0	62.7	1.64	22.4	1.0
3.14	16.5	2.0	62.7	1.64	22.4	1.0
3.15	16.4	2.0	62.7	1.64	22.4	1.0
3.16	16.6	2.0	62.7	1.64	22.4	1.0
3.17	16.3	2.0	63.7	1.627	22.85	1.0
3.18	16.8	2.0	64.7	1.614	23.3	1.0
3.19	16.1	2.0	64.7	1.614	23.3	1.0
3.20	16.7	2.0	64.7	1.614	23.3	1.0
3.21	16.4	2.0	65.05	1.613	23.45	1.0
3.22	16.8	2.0	65.4	1.612	23.6	1.0
3.23	16.6	2.0	65.4	1.612	23.6	1.0
3.24	16.7	2.0	65.4	1.612	23.6	1.0
3.25	16.8	2.0	65.4	1.612	23.6	1.0
3.26	17.5	1.9	66.09	1.625	24.25	1.0
3.27	17.9	1.9	66.8	1.638	24.9	1.0
3.28	18.3	1.9	66.8	1.638	24.9	1.0
3.29	18.0	1.9	66.8	1.638	24.9	1.0
3.30	17.8	1.9	67.65	1.669	25.5	1.0
3.31	17.8	1.9	68.5	1.7	26.1	1.0
3.32	17.6	1.9	68.5	1.7	26.1	1.0
3.33	18.1	1.9	68.5	1.7	26.1	1.0
3.34	17.8	1.9	68.5	1.7	26.1	1.0
3.35	17.9	1.9	69.7	1.729	26.3	1.0
3.36	17.9	1.9	70.9	1.758	26.5	1.0
3.37	18.1	1.9	70.9	1.758	26.5	1.0
3.38	17.8	1.9	70.9	1.758	26.5	1.0
3.39	17.6	1.9	70.9	1.758	26.5	1.0
3.40	17.8	1.9	71.7	1.768	26.65	1.0
3.41	17.9	1.9	72.5	1.778	26.8	1.0
3.42	18.3	1.9	72.5	1.778	26.8	1.0
3.43	18.0	1.9	72.5	1.778	26.8	1.0
3.44	17.8	1.9	72.7	1.781	27.0	1.0
3.45	17.5	1.9	72.9	1.784	27.2	1.0
3.46	17.8	1.9	72.9	1.784	27.2	1.0
3.47	18.0	1.8	72.9	1.784	27.2	1.0
3.48	18.1	1.8	72.9	1.784	27.2	1.0
3.49	18.1	1.8	73.15	1.776	27.05	1.0
3.50	18.2	1.7	73.4	1.768	26.9	1.0
3.51	17.9	1.7	73.4	1.768	26.9	1.0
3.52	17.9	1.7	73.4	1.768	26.9	1.0
3.53	17.5	1.7	75.22	1.791	25.2	1.0
3.54	17.9	1.8	79.02	1.916	23.82	1.0
3.55	17.8	1.8	77.59	1.911	24.78	1.0
3.56	18.0	1.8	72.0	1.766	27.41	1.0
3.57	17.9	1.8	69.8	1.704	28.3	1.0
3.58	17.8	1.8	79.09	2.013	25.93	1.0
3.59	17.8	1.8	90.23	2.412	22.66	0.0
3.60	17.8	1.8	87.91	2.352	20.06	0.0
3.61	17.8	1.8	72.17	1.842	19.94	1.0
3.62	17.6	1.8	63.85	1.434	21.8	1.0
3.63	17.6	1.8	89.0	1.374	24.95	1.0
3.64	17.8	1.8	119.2	1.794	28.0	1.0
3.65	17.7	1.8	127.3	2.096	28.72	1.0
3.66	17.8	1.8	120.06	2.038	23.95	1.0
3.67	18.0	1.8	127.35	2.306	25.76	1.0
3.68	17.9	1.8	122.6	2.277	27.83	1.0
3.69	17.9	1.8	110.4	1.983	29.26	1.0
3.70	17.7	1.8	111.25	2.049	30.75	1.0
3.71	18.0	1.8	110.9	2.052	31.4	1.0
3.72	18.2	1.8	109.7	2.029	32.54	1.0
3.73	18.0	1.8	108.5	2.005	33.7	1.0
3.74	17.8	1.8	108.5	2.005	33.7	1.0
3.75	17.8	1.8	108.5	2.005	33.7	1.0
3.76	17.6	1.8	108.5	2.005	33.7	1.0
3.77	17.4	1.8	107.25	1.979	34.45	1.0
3.78	17.7	1.8	106.0	1.952	35.2	1.0
3.79	17.5	1.9	106.0	1.952	35.2	1.0
3.80	17.4	2.0	106.0	1.952	35.2	1.0
3.81	17.8	2.0	106.0	1.952	35.2	1.0
3.82	17.6	2.0	104.8	1.902	35.0	1.0
3.83	17.5	2.1	103.6	1.852	34.79	1.0
3.84	18.0	2.1	103.6	1.852	34.79	1.0
3.85	17.4	2.1	103.6	1.852	34.79	1.0
3.86	17.8	2.1	103.6	1.852	34.79	1.0
3.87	17.7	2.1	102.65	1.81	34.65	1.0
3.88	18.1	2.0	101.7	1.768	34.5	1.0
3.89	18.1	2.0	101.7	1.768	34.5	1.0
3.90	18.5	1.9	101.7	1.768	34.5	1.0
3.91	18.1	1.9	101.7	1.768	34.5	1.0
3.92	18.9	1.8	101.7	1.772	34.65	1.0
3.93	17.5	1.8	101.7	1.776	34.79	1.0
3.94	17.6	1.8	101.7	1.776	34.79	1.0
3.95	18.0	1.7	101.7	1.776	34.79	1.0
3.96	17.8	1.7	101.7	1.776	34.79	1.0
3.97	18.1	1.7	103.5	1.802	34.54	1.0
3.98	18.3	1.7	105.3	1.828	34.29	1.0
3.99	17.6	1.7	105.3	1.828	34.29	1.0
4.00	18.0	1.7	105.3	1.828	34.29	1.0
4.01	17.7	1.7	105.3	1.828	34.29	1.0
4.02	17.7	1.7	108.1	1.936	34.7	1.0
4.03	17.5	1.8	110.9	2.044	35.1	1.0
4.04	17.3	1.8	110.9	2.044	35.1	1.0
4.05	17.5	1.9	110.9	2.044	35.1	1.0
4.06	17.3	2.0	110.9	2.044	35.1	1.0
4.07	17.8	2.0	115.05	2.23	35.65	1.0
4.08	17.6	2.0	119.2	2.416	36.2	1.0
4.09	18.5	2.0	119.2	2.416	36.2	1.0
4.10	17.9	2.0	119.2	2.416	36.2	1.0
4.11	18.2	2.0	119.2	2.416	36.2	1.0
4.12	17.4	1.9	126.55	2.566	37.0	1.0
4.13	18.5	1.9	133.9	2.716	37.79	1.0
4.14	17.3	1.9	133.9	2.716	37.79	1.0
4.15	18.0	2.0	133.9	2.716	37.79	1.0
4.16	17.1	2.0	133.9	2.716	37.79	1.0
4.17	17.8	2.1	141.25	2.866	39.79	1.0
4.18	16.9	2.1	148.6	3.016	41.8	1.0
4.19	17.6	2.2	148.6	3.016	41.8	1.0
4.20	18.1	2.2	148.6	3.016	41.8	1.0
4.21	18.5	2.1	148.6	3.016	41.8	1.0
4.22	18.8	2.1	148.6	3.016	41.8	1.0
4.23	17.9	2.0	154.15	3.266	45.7	1.0
4.24	17.7	2.0	159.69	3.516	49.6	1.0
4.25	17.9	2.0	159.69	3.516	49.6	1.0
4.26	17.4	2.0	159.69	3.516	49.6	1.0
4.27	17.4	2.1	159.69	3.516	49.6	1.0
4.28	17.7	2.1	166.6	3.808	53.7	1.0
4.29	18.4	2.1	173.5	4.1	57.8	1.0
4.30	17.5	2.1	173.5	4.1	57.8	1.0
4.31	18.4	2.1	209.18	4.869	54.22	1.0
4.32	17.6	2.1	224.02	5.61	42.72	0.0
4.33	18.2	2.1	199.11	5.039	35.21	0.0
4.34	17.0	2.1	162.53	3.937	28.21	0.0
4.35	16.8	2.2	116.46	2.69	32.86	1.0
4.36	16.3	2.7	85.31	1.821	32.38	1.0
4.37	16.5	3.6	93.61	1.721	26.26	1.0
4.38	15.6	4.8	105.53	1.708	26.06	1.0
4.39	16.4	6.1	106.58	1.743	29.35	1.0
4.40	17.1	7.0	99.31	1.559	33.76	2.0
4.41	16.9	7.6	86.13	1.213	29.96	2.0
4.42	17.1	8.0	83.22	1.176	27.96	2.0
4.43	17.5	8.2	81.16	1.155	27.38	2.0
4.44	18.4	8.2	79.75	1.14	27.18	2.0
4.45	18.1	8.0	78.42	1.13	27.04	2.0
4.46	17.8	7.9	77.0	1.12	26.92	2.0
4.47	18.4	7.6	64.0	0.881	19.89	2.0
4.48	17.9	7.4	52.1	0.646	13.0	2.0
4.49	18.9	7.1	52.1	0.646	13.0	2.0
4.50	18.3	6.7	52.1	0.646	13.0	2.0
4.51	18.1	6.4	52.65	0.657	10.55	1.0
4.52	18.6	6.1	53.2	0.668	8.1	1.0
4.53	18.2	5.7	53.2	0.668	8.1	1.0
4.54	19.0	5.3	53.2	0.668	8.1	1.0
4.55	18.0	4.9	53.2	0.668	8.1	1.0
4.56	19.0	4.5	53.2	0.668	8.1	1.0
4.57	18.0	4.1	53.6	0.676	8.1	1.0
4.58	18.5	3.8	54.0	0.684	8.1	1.0
4.59	18.2	3.5	54.0	0.684	8.1	1.0
4.60	18.4	3.2	54.0	0.684	8.1	1.0
4.61	18.0	3.0	54.0	0.684	8.1	1.0
4.62	18.5	2.9	54.25	0.689	8.15	1.0
4.63	17.8	2.7	54.5	0.694	8.19	1.0
4.64	18.0	2.6	54.5	0.694	8.19	1.0
4.65	17.2	2.8	54.5	0.694	8.19	1.0
4.66	17.6	3.0	54.5	0.694	8.19	1.0
4.67	18.2	3.1	54.7	0.696	8.25	1.0
4.68	17.7	3.1	54.9	0.698	8.3	1.0
4.69	18.0	3.1	54.9	0.698	8.3	1.0
4.70	17.5	3.0	54.9	0.698	8.3	1.0
4.71	18.2	2.9	54.9	0.698	8.3	1.0
4.72	17.8	2.9	55.0	0.7	8.35	1.0
4.73	17.7	3.1	55.1	0.702	8.4	1.0
4.74	17.6	3.1	55.1	0.702	8.4	1.0
4.75	18.0	3.2	55.1	0.702	8.4	1.0
4.76	17.5	3.2	55.1	0.702	8.4	1.0
4.77	17.7	3.3	55.2	0.704	8.44	1.0
4.78	18.0	3.3	55.3	0.706	8.5	1.0
4.79	0.6	1.4	55.54	0.711	8.77	1.0
4.80	0.3	0.4	84.49	1.689	21.88	1.0
4.81	15.1	6.7	153.15	3.628	31.65	0.0
4.82	16.2	6.8	155.3	3.678	31.8	0.0
4.83	16.2	6.9	155.3	3.678	31.8	0.0
4.84	16.3	7.0	155.3	3.678	31.8	0.0
4.85	16.5	6.9	153.8	3.772	31.7	0.0
4.86	16.3	6.8	152.3	3.866	31.6	0.0
4.87	16.8	6.6	152.3	3.866	31.6	0.0
4.88	16.9	6.4	152.3	3.866	31.6	0.0
4.89	16.7	6.1	152.3	3.866	31.6	0.0
4.90	17.1	5.6	150.65	3.98	31.45	0.0
4.91	16.9	5.2	149.0	4.094	31.3	0.0
4.92	17.5	4.9	149.0	4.094	31.3	0.0
4.93	17.9	4.7	149.0	4.094	31.3	0.0
4.94	18.0	4.6	149.0	4.094	31.3	0.0
4.95	18.1	4.4	147.19	4.172	31.2	0.0
4.96	18.0	4.5	145.4	4.25	31.1	0.0
4.97	16.8	4.7	145.4	4.25	31.1	0.0
4.98	16.7	5.2	145.4	4.25	31.1	0.0
4.99	16.5	5.8	145.4	4.25	31.1	0.0
5.00	16.5	6.4	144.1	4.335	31.45	0.0
5.01	17.1	6.8	142.8	4.42	31.8	0.0
5.02	17.2	6.8	142.8	4.42	31.8	0.0
5.03	17.4	6.7	142.8	4.42	31.8	0.0
5.04	17.7	6.5	142.8	4.42	31.8	0.0
5.05	18.0	6.2	142.44	4.55	32.2	0.0
5.06	16.8	5.9	142.1	4.68	32.6	0.0
5.07	17.7	5.7	142.1	4.68	32.6	0.0
5.08	17.8	5.4	142.1	4.68	32.6	0.0
5.09	17.8	5.0	142.1	4.68	32.6	0.0
5.10	17.6	4.8	140.94	4.794	32.79	0.0
5.11	17.3	4.8	139.8	4.908	33.0	0.0
5.12	17.3	4.9	139.8	4.908	33.0	0.0
5.13	17.3	5.1	139.8	4.908	33.0	0.0
5.14	17.4	5.3	139.8	4.908	33.0	0.0
5.15	17.5	5.5	138.44	4.966	33.25	0.0
5.16	17.3	5.8	137.1	5.024	33.5	0.0
5.17	17.1	6.0	137.1	5.024	33.5	0.0
5.18	17.0	6.3	137.1	5.024	33.5	0.0
5.19	17.5	6.5	134.69	5.071	33.7	0.0
5.20	17.3	6.7	132.3	5.118	33.9	0.0
5.21	17.6	6.9	132.3	5.118	33.9	0.0
5.22	16.9	7.0	132.3	5.118	33.9	0.0
5.23	17.5	7.0	132.3	5.118	33.9	0.0
5.24	17.7	7.0	130.19	5.173	34.25	0.0
5.25	17.5	7.0	128.1	5.228	34.6	0.0
5.26	17.3	7.1	126.07	5.531	34.37	0.0
5.27	17.4	7.4	126.58	6.25	35.25	0.0
5.28	17.1	7.7	132.07	6.44	37.28	0.0
5.29	17.1	8.0	123.13	5.904	35.5	0.0
5.30	17.6	8.3	107.23	5.344	32.98	0.0
5.31	17.2	8.5	104.53	5.302	33.85	0.0
5.32	17.7	8.5	100.68	5.006	28.7	0.0
5.33	16.9	8.5	91.57	4.421	25.52	0.0
5.34	18.2	8.5	90.34	4.208	25.0	0.0
5.35	17.4	8.5	99.57	4.551	24.72	0.0
5.36	17.4	8.4	115.32	5.329	24.8	0.0
5.37	17.5	8.3	122.03	5.62	23.0	0.0
5.38	17.7	8.3	122.31	5.602	22.3	0.0
5.39	17.7	8.4	122.26	5.816	22.58	0.0
5.40	17.6	8.4	125.3	6.412	22.6	0.0
5.41	17.5	8.5	156.78	7.9	22.34	0.0
5.42	17.3	8.6	164.2	8.36	22.3	0.0
5.43	17.0	8.9	164.2	8.36	22.3	0.0
5.44	17.4	9.2	159.9	8.347	21.9	0.0
5.45	17.0	9.5	155.6	8.334	21.5	0.0
5.46	17.1	10.0	155.6	8.334	21.5	0.0
5.47	17.2	10.4	155.6	8.334	21.5	0.0
5.48	17.2	10.6	153.1	8.327	21.2	0.0
5.49	17.0	10.8	150.6	8.32	20.9	0.0
5.50	17.2	11.1	150.6	8.32	20.9	0.0
5.51	17.2	11.3	150.6	8.32	20.9	0.0
5.52	16.9	11.6	148.55	8.332	20.95	0.0
5.53	17.0	12.0	146.5	8.344	21.0	0.0
5.54	16.7	12.4	146.5	8.344	21.0	0.0
5.55	17.1	12.8	146.5	8.344	21.0	0.0
5.56	17.1	13.1	146.5	8.344	21.0	0.0
5.57	17.3	13.3	148.3	8.369	21.35	0.0
5.58	17.4	13.3	150.1	8.394	21.7	0.0
5.59	17.2	13.3	150.1	8.394	21.7	0.0
5.60	17.7	13.2	150.1	8.394	21.7	0.0
5.61	17.7	13.0	150.1	8.394	21.7	0.0
5.62	17.9	12.7	150.69	8.439	22.3	0.0
5.63	17.7	12.5	151.3	8.484	22.9	0.0
5.64	17.5	12.2	151.3	8.484	22.9	0.0
5.65	17.8	11.9	151.3	8.484	22.9	0.0
5.66	17.4	11.7	151.3	8.484	22.9	0.0
5.67	17.4	11.7	147.55	8.423	23.9	0.0
5.68	17.6	11.7	143.8	8.362	24.9	0.0
5.69	17.2	11.8	143.8	8.362	24.9	0.0
5.70	17.3	11.9	143.8	8.362	24.9	0.0
5.71	17.5	12.0	143.8	8.362	24.9	0.0
5.72	17.4	12.1	141.55	8.318	26.0	0.0
5.73	17.3	12.0	139.3	8.274	27.1	0.0
5.74	17.5	11.9	139.3	8.274	27.1	0.0
5.75	17.8	11.8	139.3	8.274	27.1	0.0
5.76	17.7	11.7	139.3	8.274	27.1	0.0
5.77	18.2	11.5	133.9	8.224	26.6	0.0
5.78	17.5	11.3	128.5	8.173	26.1	0.0
5.79	17.7	11.1	128.5	8.173	26.1	0.0
5.80	16.9	10.9	128.5	8.173	26.1	0.0
5.81	17.5	10.9	128.5	8.173	26.1	0.0
5.82	17.4	10.8	125.5	8.096	26.5	0.0
5.83	17.5	10.8	122.5	8.02	26.9	0.0
5.84	17.6	10.8	122.5	8.02	26.9	0.0
5.85	17.7	10.8	122.5	8.02	26.9	0.0
5.86	17.4	10.8	122.5	8.02	26.9	0.0
5.87	17.4	10.9	120.6	7.906	27.55	0.0
5.88	17.3	11.0	118.7	7.792	28.2	0.0
5.89	17.2	11.3	118.7	7.792	28.2	0.0
5.90	17.0	11.6	118.7	7.792	28.2	0.0
5.91	17.1	11.9	118.7	7.792	28.2	0.0
5.92	16.9	12.2	116.8	7.695	28.75	0.0
5.93	17.3	12.5	114.9	7.598	29.3	0.0
5.94	17.2	12.6	114.9	7.598	29.3	0.0
5.95	17.2	12.8	114.9	7.598	29.3	0.0
5.96	17.2	13.0	114.9	7.598	29.3	0.0
5.97	17.5	13.0	112.9	7.531	29.7	0.0
5.98	17.1	12.9	110.9	7.464	30.1	0.0
5.99	17.5	12.9	110.9	7.464	30.1	0.0
6.00	17.5	12.8	110.9	7.464	30.1	0.0
6.01	17.3	12.9	106.13	7.344	29.8	0.0
6.02	17.5	12.9	94.07	6.672	31.0	0.0
6.03	17.1	13.0	90.92	5.845	28.63	0.0
6.04	17.2	13.1	94.81	5.52	22.64	0.0
6.05	17.5	13.2	106.18	5.52	21.81	0.0
6.06	17.5	13.2	109.85	5.187	20.95	0.0
6.07	17.3	13.3	103.68	4.645	21.85	0.0
6.08	17.3	13.4	94.81	4.105	23.11	0.0
6.09	17.0	13.7	85.6	3.596	22.58	0.0
6.10	16.8	14.0	78.18	3.01	21.4	0.0
6.11	16.6	14.6	73.78	2.534	20.96	0.0
6.12	16.5	15.2	77.68	2.185	24.98	1.0
6.13	16.8	15.8	77.46	1.78	29.41	1.0
6.14	16.5	16.5	69.33	1.43	30.8	2.0
6.15	16.9	16.9	71.28	1.295	30.24	2.0
6.16	17.4	17.1	90.31	1.235	29.33	2.0
6.17	17.4	17.1	119.33	1.136	31.26	2.0
6.18	16.9	17.1	127.2	1.144	33.4	2.0
6.19	17.6	17.2	135.1	1.158	34.6	2.0
6.20	16.6	17.3	143.0	1.172	35.79	3.0
6.21	17.3	17.3	143.0	1.172	35.79	3.0
6.22	17.2	17.3	143.0	1.172	35.79	3.0
6.23	17.7	17.2	143.0	1.172	35.79	3.0
6.24	17.5	17.0	152.05	1.189	38.29	3.0
6.25	18.2	16.8	161.1	1.206	40.79	3.0
6.26	17.0	16.6	161.1	1.206	40.79	3.0
6.27	18.3	16.4	161.1	1.206	40.79	3.0
6.28	16.9	16.2	161.1	1.206	40.79	3.0
6.29	17.5	16.1	165.3	1.24	43.55	3.0
6.30	17.6	16.0	169.5	1.274	46.3	3.0
6.31	17.4	15.8	169.5	1.274	46.3	3.0
6.32	18.1	15.6	169.5	1.274	46.3	3.0
6.33	17.5	15.4	169.5	1.274	46.3	3.0
6.34	18.0	15.2	172.25	1.306	47.4	3.0
6.35	17.2	15.1	175.0	1.338	48.5	3.0
6.36	18.2	15.0	175.0	1.338	48.5	3.0
6.37	16.8	15.0	175.0	1.338	48.5	3.0
6.38	17.7	15.1	175.0	1.338	48.5	3.0
6.39	17.0	15.0	179.75	1.357	49.2	3.0
6.40	18.1	14.9	184.5	1.376	49.9	3.0
6.41	17.1	14.7	184.5	1.376	49.9	3.0
6.42	17.7	14.6	184.5	1.376	49.9	3.0
6.43	17.1	14.5	187.05	1.384	50.9	3.0
6.44	18.0	14.4	189.6	1.392	51.9	3.0
6.45	17.5	14.5	189.6	1.392	51.9	3.0
6.46	17.2	14.5	189.6	1.392	51.9	3.0
6.47	17.5	14.6	189.6	1.392	51.9	3.0
6.48	17.3	14.5	193.05	1.43	52.9	3.0
6.49	17.6	14.4	196.5	1.468	53.9	3.0
6.50	17.5	14.4	196.5	1.468	53.9	3.0
6.51	17.8	14.3	196.5	1.468	53.9	3.0
6.52	17.1	14.2	196.5	1.468	53.9	3.0
6.53	17.0	14.1	201.0	1.531	54.55	3.0
6.54	18.0	13.9	205.5	1.594	55.2	3.0
6.55	17.3	13.7	205.5	1.594	55.2	3.0
6.56	19.1	13.5	205.5	1.594	55.2	3.0
6.57	17.0	13.4	205.5	1.594	55.2	3.0
6.58	18.4	13.2	205.5	1.594	55.2	3.0
6.59	16.9	13.1	208.85	1.654	55.6	3.0
6.60	18.0	12.9	212.2	1.714	56.0	3.0
6.61	17.3	12.7	212.2	1.714	56.0	3.0
6.62	17.9	12.5	212.2	1.714	56.0	3.0
6.63	17.5	12.3	215.0	1.739	57.4	3.0
6.64	18.1	12.2	217.8	1.764	58.8	3.0
6.65	17.4	12.0	217.8	1.764	58.8	3.0
6.66	18.0	11.8	217.8	1.764	58.8	3.0
6.67	17.9	11.5	217.8	1.764	58.8	3.0
6.68	16.3	11.3	217.8	1.764	58.8	3.0
6.69	15.0	11.1	218.85	1.798	60.35	3.0
6.70	14.9	10.9	219.9	1.832	61.9	3.0
6.71	14.8	10.6	219.9	1.832	61.9	3.0
6.72	14.6	10.3	219.9	1.832	61.9	3.0
6.73	14.9	10.1	221.5	1.847	63.35	3.0
6.74	15.1	10.0	223.1	1.862	64.8	3.0
6.75	15.0	9.9	223.1	1.862	64.8	3.0
6.76	14.3	9.8	220.9	1.841	67.26	3.0
6.77	15.0	9.8	195.52	1.444	72.35	5.0
6.78	14.6	9.7	154.69	0.921	67.88	7.0
6.79	15.2	9.6	141.67	0.832	61.74	7.0
6.80	14.8	9.5	128.25	0.75	54.52	7.0
6.81	14.7	9.4	123.41	0.734	53.4	7.0
6.82	15.1	9.3	118.4	0.723	52.71	7.0
6.83	14.6	9.1	113.57	0.712	51.92	7.0
6.84	15.9	9.0	109.97	0.704	51.36	7.0
6.85	14.8	8.8	106.71	0.698	51.0	7.0
6.86	14.9	8.6	102.83	0.692	50.62	7.0
6.87	15.0	8.4	99.51	0.686	50.28	7.0
6.88	14.8	8.3	96.71	0.682	50.0	7.0
6.89	15.0	8.4	94.21	0.678	49.75	7.0
6.90	14.6	8.5	93.1	0.676	49.7	7.0
6.91	14.7	8.5	93.1	0.676	49.7	7.0
6.92	14.6	8.6	92.95	0.676	49.65	7.0
6.93	14.6	8.7	92.8	0.676	49.6	7.0
6.94	15.2	8.6	92.8	0.676	49.6	7.0
6.95	14.6	8.4	92.8	0.676	49.6	7.0
6.96	14.6	8.4	92.45	0.675	49.6	7.0
6.97	14.6	8.5	92.1	0.674	49.6	7.0
6.98	14.7	8.6	92.1	0.674	49.6	7.0
6.99	14.2	8.9	92.1	0.674	49.6	7.0
7.00	14.7	9.1	91.9	0.674	49.6	7.0
7.01	14.6	9.3	91.7	0.674	49.6	7.0
7.02	15.3	9.3	91.7	0.674	49.6	7.0
7.03	13.9	9.5	91.7	0.674	49.6	7.0
7.04	14.3	9.9	91.5	0.674	49.55	7.0
7.05	14.2	10.3	91.3	0.674	49.5	7.0
7.06	14.7	10.4	91.3	0.674	49.5	7.0
7.07	15.0	10.5	91.3	0.674	49.5	7.0
7.08	14.3	10.7	91.2	0.674	49.5	7.0
7.09	14.7	10.7	91.1	0.674	49.5	7.0
7.10	15.2	10.7	91.1	0.674	49.5	7.0
7.11	14.6	10.7	91.1	0.674	49.5	7.0
7.12	15.1	10.5	91.1	0.674	49.5	7.0
7.13	0.1	0.1	173.4	1.092	59.94	5.0
7.14	8.6	0.6	287.89	1.64	88.4	5.0
7.15	11.0	13.1	295.1	1.666	88.0	5.0
7.16	80.9	22.3	295.1	1.666	88.0	5.0
7.17	36.3	15.2	295.1	1.666	88.0	5.0
7.18	26.1	13.8	295.1	1.666	88.0	5.0
7.19	24.7	13.3	295.1	1.666	88.0	5.0
7.20	22.0	12.9	296.45	1.692	86.85	5.0
7.21	18.1	12.9	297.8	1.718	85.7	4.0
7.22	17.9	12.7	297.8	1.718	85.7	4.0
7.23	18.1	12.6	297.8	1.718	85.7	4.0
7.24	18.6	12.5	297.8	1.718	85.7	4.0
7.25	18.0	12.4	295.75	1.737	84.4	4.0
7.26	18.5	12.2	293.7	1.756	83.1	4.0
7.27	17.5	12.2	293.7	1.756	83.1	4.0
7.28	18.8	12.1	293.7	1.756	83.1	4.0
7.29	17.3	12.2	293.7	1.756	83.1	4.0
7.30	18.4	12.3	284.68	1.781	84.68	4.0
7.31	17.4	12.6	264.48	1.736	88.96	5.0
7.32	19.0	12.7	234.3	1.57	89.54	5.0
7.33	18.3	12.6	237.82	1.49	93.37	6.0
7.34	19.5	12.5	277.7	1.712	95.06	5.0
7.35	20.6	12.2	301.2	2.08	92.45	4.0
7.36	20.0	12.2	295.7	2.216	79.97	3.0
7.37	21.2	12.1	268.52	2.105	70.45	3.0
7.38	19.7	12.1	224.41	1.748	62.71	3.0
7.39	15.0	12.2	170.2	1.226	50.56	4.0
7.40	14.1	12.5	163.69	1.179	50.88	4.0
7.41	13.8	12.5	158.17	1.15	51.37	4.0
7.42	13.1	12.6	153.55	1.131	51.8	4.0
7.43	12.5	12.7	149.25	1.116	52.16	4.0
7.44	13.0	12.7	123.38	0.856	36.95	4.0
7.45	12.3	12.8	116.7	0.812	33.5	4.0
7.46	13.0	12.8	116.7	0.812	33.5	4.0
7.47	12.5	12.8	116.7	0.812	33.5	4.0
7.48	12.9	13.0	116.8	0.815	33.65	4.0
7.49	12.1	13.2	116.9	0.818	33.79	4.0
7.50	12.3	13.6	116.9	0.818	33.79	4.0
7.51	12.0	14.0	117.1	0.82	33.85	4.0
7.52	12.3	14.4	117.3	0.822	33.9	4.0
7.53	12.3	14.8	117.3	0.822	33.9	4.0
7.54	12.5	14.8	117.3	0.822	33.9	4.0
7.55	13.3	14.7	117.4	0.824	34.1	4.0
7.56	12.8	14.6	117.5	0.826	34.29	4.0
7.57	12.2	14.6	117.5	0.826	34.29	4.0
7.58	12.9	14.6	117.55	0.829	34.45	4.0
7.59	12.5	14.5	117.6	0.832	34.6	4.0
7.60	12.8	14.3	117.6	0.832	34.6	4.0
7.61	12.4	14.3	117.6	0.832	34.6	4.0
7.62	12.5	14.5	117.65	0.832	34.7	4.0
7.63	12.4	14.7	117.7	0.832	34.79	4.0
7.64	12.3	14.9	117.7	0.832	34.79	4.0
7.65	12.5	15.1	117.65	0.834	34.9	4.0
7.66	12.4	15.3	117.6	0.836	35.0	4.0
7.67	12.7	15.4	117.6	0.836	35.0	4.0
7.68	12.3	15.3	117.6	0.836	35.0	4.0
7.69	12.6	15.5	117.6	0.836	35.1	4.0
7.70	12.3	15.6	117.6	0.836	35.2	4.0
7.71	13.0	15.6	117.6	0.836	35.2	4.0
7.72	12.4	15.5	117.6	0.837	35.35	4.0
7.73	12.7	15.5	117.6	0.838	35.5	4.0
7.74	12.4	15.5	117.6	0.838	35.5	4.0
7.75	12.9	15.6	117.6	0.838	35.5	4.0
7.76	12.2	15.6	117.55	0.839	35.54	4.0
7.77	12.6	15.7	117.5	0.84	35.6	4.0
7.78	12.1	16.0	117.5	0.84	35.6	4.0
7.79	12.5	16.2	117.5	0.84	35.6	4.0
7.80	12.0	16.5	117.4	0.842	35.65	4.0
7.81	12.2	16.7	117.3	0.844	35.7	4.0
7.82	12.5	17.0	117.3	0.844	35.7	4.0
7.83	12.0	17.3	117.3	0.844	35.7	4.0
7.84	12.3	17.7	117.3	0.844	35.7	4.0
7.85	12.2	17.8	117.25	0.844	35.79	4.0
7.86	12.5	17.8	117.2	0.844	35.9	4.0
7.87	12.4	18.0	116.86	0.846	36.26	4.0
7.88	12.4	18.1	115.37	0.847	36.82	4.0
7.89	12.5	18.2	113.74	0.848	37.42	4.0
7.90	12.9	18.1	112.4	0.851	38.01	4.0
7.91	12.2	18.1	111.01	0.854	38.6	4.0
7.92	12.3	18.2	109.63	0.856	39.13	4.0
7.93	12.6	18.3	108.4	0.858	39.55	4.0
7.94	0.0	0.1	131.55	1.131	52.95	4.0
7.95	3.5	0.5	268.72	2.191	81.74	3.0
7.96	11.4	12.0	218.48	1.777	67.28	3.0
7.97	1.6	25.8	216.83	1.772	67.3	3.0
7.98	56.5	24.0	216.4	1.772	67.3	3.0
8.00	160.1	22.6	216.4	1.772	67.3	3.0
8.01	173.5	22.6	216.4	1.772	67.3	3.0
8.02	7.0	11.1	216.05	1.772	67.3	3.0
8.03	15.4	19.7	215.7	1.772	67.3	3.0
8.04	14.7	19.6	215.5	1.77	67.3	3.0
8.05	14.8	19.6	215.3	1.768	67.3	3.0
8.06	14.4	19.8	215.3	1.768	67.3	3.0
8.07	15.1	20.1	215.3	1.768	67.3	3.0
8.08	16.5	20.1	215.3	1.768	67.3	3.0
8.09	17.8	20.0	215.15	1.768	67.3	3.0
8.10	18.0	20.0	215.0	1.768	67.3	3.0
8.11	17.1	20.1	215.0	1.768	67.3	3.0
8.12	15.8	20.1	215.0	1.768	67.3	3.0
8.13	12.1	20.2	214.7	1.767	67.3	3.0
8.14	14.5	20.2	214.4	1.766	67.3	3.0
8.15	15.8	20.1	214.4	1.766	67.3	3.0
8.16	15.1	20.2	214.4	1.766	67.3	3.0
8.17	14.6	20.2	214.1	1.766	67.34	3.0
8.18	15.0	20.3	213.8	1.766	67.4	3.0
8.19	14.8	20.2	213.8	1.766	67.4	3.0
8.20	14.8	20.4	213.8	1.766	67.4	3.0
8.21	15.2	20.2	213.55	1.765	67.34	3.0
8.22	16.2	20.2	213.3	1.764	67.3	3.0
8.23	15.1	20.3	213.3	1.764	67.3	3.0
8.24	13.4	20.7	213.3	1.764	67.3	3.0
8.25	12.3	21.1	213.1	1.764	67.34	3.0
8.26	15.5	21.4	212.9	1.764	67.4	3.0
8.27	14.5	21.5	212.9	1.764	67.4	3.0
8.28	13.3	21.7	212.9	1.764	67.4	3.0
8.29	13.8	21.6	212.65	1.763	67.4	3.0
8.30	16.5	21.3	212.4	1.762	67.4	3.0
8.31	16.5	21.2	212.4	1.762	67.4	3.0
8.32	15.8	21.2	212.4	1.762	67.4	3.0
8.33	15.5	21.4	212.4	1.762	67.4	3.0
8.34	13.3	21.7	212.05	1.762	67.34	3.0
8.35	11.7	22.0	211.7	1.762	67.3	3.0
8.36	5.4	22.9	211.55	1.761	67.34	3.0	91: Can not be pushed further
